4487 0 8 5287.3 5364.27 1059 1070
4487 2 104 8252.74 8322.52 3268 3288
4468 0 22 4389.61 4505.36 2019 2039
4468 25 1293 1338.88 1447.39 2236 2253
4468 28 1440 739.857 757.751 910 914
4468 30 1529 6873.74 6923.99 547 565
4468 38 1938 8060.81 8127.66 124 141
4468 62 3102 248.973 344.004 83 104
4411 1148 57422 1989.7 2328.28 676 735
4411 1149 57453 1062.76 1196.49 2061 2070
4411 1152 57609 9140.09 9214.53 1812 1828
4411 1157 57869 5388.61 5489.72 1571 1595
4411 1157 57891 4140.17 4356.19 3066 3082
4411 1180 59020 1784.01 2043.94 2171 2207
4411 1181 59053 8357.04 8663.11 1035 1072
4411 1191 59565 7184.23 7252.16 2649 2658
4411 1194 59710 3065.01 3321.96 1867 1930
4488 630 31508 7684.33 7810.66 3283 3302
4488 1055 52762 5791.58 5815.24 2079 2087
4488 1068 53407 1398.89 1436.95 1892 1926
4488 1079 53970 7041.53 7111.87 2058 2062
4532 60 3022 7323.93 7425.24 116 133
4592 44 2240 2674.81 2768.92 1619 1633
4592 54 2722 8430.08 8534.43 2566 2581
4500 3000 18940 8597.81 8708.5 638 652
4402 484 24240 1798.32 1837.91 2136 2148
4517 933 46664 8725.98 8820.59 2183 2196
4499 1806 24793 6144.39 6346.96 1740 1777
4455 369 18489 3397.87 3484.56 3068 3100
4455 401 20087 7935.21 8063.34 1593 1629
4455 407 20365 5916.53 6047.77 1634 1649
4468 128 6432 7094.85 7229.84 678 703
4468 140 7011 3488.24 3624.64 1760 1774
4468 149 7461 2536.79 2547.42 1819 1822
4468 150 7550 5734.46 5886.75 2079 2092
4468 150 7550 1153 1222.11 2264 2272
4468 156 7827 4.92096 56.5491 1441 1456
4468 157 7883 1461.1 1497.59 1789 1807
4468 169 8462 1863.61 1943.78 605 631
4468 173 8686 9381.4 9477.83 1870 1879
4467 10 532 7198.77 7403.14 2043 2130
4467 12 646 8946.56 9043.48 1687 1703
4467 46 2307 9406.9 9468.27 1727 1765
4519 1351 2048 1019.47 1125.15 3269 3290
4411 5 285 9083.51 9161.09 1460 1474
4411 21 1070 1902.72 2028.57 3319 3328
4354 93 4667 2698.53 2741.93 3283 3298
4354 93 4667 1575.17 1613.91 123 132
4404 1661 17526 9158.13 9267.9 1269 1276
4404 1666 17771 348.552 557.766 1670 1705
4382 386 19310 5554.68 5641.6 1610 1619
4485 753 37673 87.9448 283.723 648 662
4483 5 298 2187.23 2405.36 3016 3052
4483 7 399 2639.55 2674.42 793 803
4483 8 434 6831.43 6867.07 3327 3334
4483 11 551 3529.93 3905.49 2236 2296
4483 11 551 7642.24 7750.67 3295 3303
4483 20 1018 6008.8 6061.18 1866 1888
4483 35 1766 2728.5 2821.25 1593 1604
4351 291 14560 6850.88 6996.05 1618 1637
4351 332 16630 3560.37 3764.27 1531 1577
4527 316 15826 8589.25 8796.27 669 713
4565 2841 10991 8404.04 8451.74 1924 1932
4550 1196 59833 192.584 246.201 3331 3343
4550 1237 61863 5425.28 5471.28 3228 3230
4411 398 19916 2838.11 2925.45 2150 2177
4411 409 20451 3.47094 83.3255 2013 2034
4411 431 21587 1875.55 2076.08 1233 1242
4456 213 10695 791.596 864.487 1683 1708
4456 237 11895 7762.2 7934.62 2090 2112
4456 238 11937 4412.24 4465.62 1974 1992
4456 250 12527 6000.67 6038.19 1844 1847
4456 251 12582 5548.96 5821.03 1740 1805
4550 1523 10651 2356.49 2460.05 3036 3111
4530 532 26624 4127.48 4224.51 3007 3031
4575 1540 11514 7435.46 7552.38 3319 3340
4575 1544 11683 3484.83 3669.41 1864 1880
4530 72 3647 6147.38 6183.76 1222 1233
4530 74 3710 1442.19 1607.74 1810 1828
4455 150 7518 5.1359 173.695 434 447
4455 178 8925 1481.6 1575.81 3157 3184
4455 451 22572 4146.54 4201.17 119 142
4514 1520 10479 8364.52 8442.37 458 472
4484 360 18049 591.266 661.204 1695 1702
4414 2 130 6802.16 7175.3 3301 3364
4414 3 180 3197.29 3343 1832 1839
4414 6 311 3138.71 3224.78 1557 1571
4455 494 24736 213.408 288.849 1905 1922
4455 494 24746 8753.35 8796.97 1995 2026
4455 505 25266 1978.31 2212.52 2941 2968
4455 508 25443 4521.94 4541.06 2819 2823
4455 515 25785 1834.79 1887.48 2568 2581
4455 532 26621 4630.21 4767.06 2124 2134
4547 2334 51207 3220.82 3270.88 1501 1513
4101 303 15172 2695.59 2756.65 1957 1964
4101 331 16600 4659.29 4779.12 1889 1905
4101 348 17426 86.3576 211.016 1857 1863
4473 13 664 5876.83 6345.42 2132 2146
4473 14 721 813.918 854.479 2571 2586
4473 17 887 1440.76 1507.54 1987 2005
4473 29 1464 7687.74 7730.33 1506 1519
4473 34 1741 1757.87 1909.41 2074 2100
4473 37 1865 893.394 1267.8 1528 1566
4473 40 2006 5589.15 5654.81 1734 1749
4473 45 2271 2415.54 2603.47 3235 3240
4473 51 2582 7717.57 7831.66 1941 1967
4471 10 523 5338.24 5416.43 2019 2022
4471 34 1710 4547.04 4664.25 3212 3221
4471 38 1933 3546.96 3667.11 3351 3408
4471 40 2034 8469.42 8539.36 1712 1719
4471 42 2124 4238.46 4389.38 2274 2289
4471 51 2554 3136.11 3199.95 2077 2099
4456 180 9005 374.41 563.691 1488 1514
4456 192 9611 887.529 1116.54 2140 2207
4456 266 13324 7545.32 7721.84 1425 1441
4456 286 14313 3807.41 3814.36 3151 3154
4535 1246 62313 3804.3 3835.38 26 33
4535 1247 62394 3020.84 3082.38 3104 3140
4535 1250 62505 1417.08 1448.31 2974 2997
4535 1253 62696 6569.9 6682.49 1861 1880
4535 1255 62788 1998.24 2033.64 2001 2053
4535 1258 62918 6027.33 6051.47 2171 2174
4535 1259 62953 6600.62 6650.47 2033 2042
4464 4 210 7813.51 7883.03 1954 1969
4464 12 629 7492.8 7777.66 1602 1612
4464 13 696 9021.06 9394.63 626 646
4464 21 1095 1504.69 1737.69 658 670
4464 22 1107 6100.08 6145.44 583 595
4464 31 1590 7382.37 7787.18 456 502
4464 41 2100 584.117 661.969 1560 1585
4464 50 2512 6919.35 6968.93 1686 1700
4464 57 2888 1993.97 2061.74 3029 3041
4526 1014 50715 464.889 595.12 1994 2007
4455 93 4662 6491.2 6602.59 2062 2077
4455 95 4773 1719.81 1942.73 1610 1639
4455 98 4928 7863.85 7982.92 1663 1670
4455 114 5733 4789.97 4816.03 1981 1992
4455 129 6490 645.77 842.695 3134 3142
4455 135 6788 3.81742 332.504 1923 1988
4455 142 7137 3225.98 3261.97 1939 1962
4456 361 18053 388.752 590.566 1022 1024
4456 369 18495 6237.82 6405.45 746 755
4456 370 18539 749.284 975.829 2067 2094
4456 386 19319 4221 4410.81 3052 3060
4456 391 19577 1781.86 1933.34 1053 1093
4456 516 25811 7621.37 7744.69 2962 2975
4456 539 26990 6328.75 6494.65 3149 3173
4466 187 9380 1837.6 1930.38 3221 3231
4466 190 9502 7287.48 7538.96 1934 1939
4466 193 9699 7404.58 7437.2 1911 1925
4466 212 10630 1797.69 1819.92 3287 3299
4466 238 11901 8762.77 8804.31 3039 3052
4488 1269 63462 5614.28 5725.78 2641 2658
4488 1288 64418 8338.87 8461.01 2566 2574
4488 1312 102 5406.21 5444.02 3286 3300
4443 2 110 2075.82 2157.65 3137 3155
4443 11 591 8978.44 9015.71 1706 1712
4443 12 614 4542.16 4677.84 2087 2107
4443 12 625 6381.86 6568.08 12 26
4443 15 758 3.9041 258.468 23 30
4443 15 791 4297.7 4397.73 2063 2126
4443 29 1463 8719.14 8853.45 1010 1018
4443 33 1662 5037.24 5089.87 2982 3000
4443 50 2534 5255.32 5295.6 2582 2591
4464 131 6554 9254.39 9287.08 583 589
4464 140 7041 8869.63 9061.72 2551 2562
4464 161 8091 4840.16 4884.29 2020 2044
4464 170 8530 3561.75 3731.13 904 915
4464 171 8564 8889.23 9034.35 586 618
4464 174 8720 4377.58 4521.84 724 736
4404 1611 15064 7633.52 7724.27 1917 1934
4535 656 32837 879.406 934.447 202 211
4464 89 4474 5931.11 6008.66 1921 1936
4464 112 5638 2572.17 2667.16 3307 3337
4464 123 6173 2348.06 2749.51 3225 3257
4100 262 13128 3596.34 4037.39 1207 1239
4456 306 15350 1016.39 1042.14 3095 3109
4456 309 15498 3772.1 4025.85 3375 3381
4456 313 15654 3763.03 3886.22 2807 2813
4456 314 15742 4218.23 4340.73 3344 3357
4456 315 15753 32.9954 173.824 1957 1977
4456 332 16610 6516.54 6768.96 1477 1537
4456 337 16879 6791.4 6958.25 1487 1505
4456 339 16957 5366.15 5514.3 1621 1645
4456 343 17200 4481.71 4585.66 1642 1669
4456 345 17276 6721.65 6851.83 1013 1021
4456 352 17611 9195.67 9359.71 1600 1623
4456 352 17631 5042.64 5219.65 2167 2194
4456 547 27356 1643.47 1678.38 584 597
4483 300 15039 5209.34 5247.74 3360 3374
4483 318 15916 1116 1202.97 3285 3308
4483 327 16393 8201.54 8268.02 1700 1727
4483 332 16630 4547.78 4680.5 1685 1699
4483 332 16630 3615.55 3745.72 1941 1949
4483 347 17397 6482.32 6597.77 2569 2572
4369 101 5081 2176.32 2289.15 546 553
4353 1044 52222 6370.81 6398.51 2093 2104
4374 561 28075 3129.87 3289.94 1722 1731
4374 592 29649 3355.31 3409.81 1629 1656
4357 476 23826 5644.68 5712.54 2273 2297
4357 510 25532 1476.18 1656.27 1686 1696
4386 1099 54997 37.0567 173.684 2028 2031
4386 1137 56899 8716.92 8795.93 2256 2267
4353 1704 19693 4441 4600.87 755 783
4547 2936 15768 2927.17 2988.12 2879 2894
4485 1391 4058 7483.81 7524.6 3423 3427
4550 771 38591 1913.73 2059.09 1435 1471
4550 1095 54773 1497.64 1577.34 1550 1561
4356 254 12737 3245.46 3447.78 1913 1926
4547 2240 46469 9008.64 9119.48 1596 1606
4483 240 12013 1806.06 1905.31 1586 1603
4483 278 13923 7323.32 7423.12 3106 3122
4483 299 14981 2175.21 2489.58 988 1005
4394 620 31038 334.733 393.853 1553 1564
4465 14 750 4891.8 4977.73 2649 2657
4465 21 1084 5071.19 5158.99 1573 1595
4465 22 1149 4812.36 4936.11 1636 1645
4465 26 1307 2952.47 2978.39 1553 1561
4513 648 32427 9202.18 9347.3 1724 1734
4550 1 52 7803.69 7910.56 1860 1886
4550 19 952 1211.16 1348.15 1602 1631
4550 23 1182 8465.86 8566.88 3239 3256
4518 1759 22453 7411.76 7492 3110 3125
4518 1768 22883 7673.42 7800.21 1481 1502
4518 1771 23034 1046.32 1198.88 1089 1097
4518 1785 23730 5200.29 5365.66 1853 1869
4354 362 18139 8974.08 9110 2068 2077
4354 397 19854 4407.45 4446.98 1929 1945
4577 0 12 1448.51 1497.46 1958 1973
4367 1367 2817 6672.01 6801.33 2040 2046
4404 2547 61858 6468.58 6487.84 3245 3251
4515 14 712 5244.47 5289.52 738 744
4356 436 21841 7818.18 7982.4 1431 1455
4351 715 35776 2454.08 2526.56 1817 1824
4351 742 37142 5271.44 5343.02 3354 3361
4351 755 37793 2052.89 2091.66 3194 3218
4404 2498 59377 5969.95 6020.95 2562 2580
4404 2505 59730 7653.07 7975 1671 1710
4519 2594 64205 803.253 1040.23 2532 2539
4519 2594 64205 196.998 325.983 874 887
4578 830 41534 6674.52 6808.77 2840 2855
4575 2042 36585 4644.98 4661.94 3164 3171
4577 1082 54127 6168 6377.17 1911 1929
4577 1121 56064 5363.73 5460.34 3336 3351
4577 1159 57966 5751.6 5895.67 630 652
4575 1196 59830 253.327 301.964 105 117
4575 1197 59892 5379.48 5483.48 2043 2051
4535 751 37599 1395.72 1562.15 3155 3169
4535 765 38254 7756.91 7796.27 3047 3054
4547 2655 1695 2332.65 2383.31 48 78
4547 2665 2215 7335 7418.73 2140 2148
4547 2708 4349 4009.8 4070.22 1678 1684
4374 527 26375 3519.05 3695.05 2053 2064
4409 739 36964 713.855 734.289 2975 3015
4409 758 37915 8666.89 8742.45 1949 1957
4409 763 38153 701.373 729.54 3317 3328
4357 338 16941 5201.16 5284.79 1542 1563
4404 627 31362 4201.3 4315.9 3311 3327
4404 635 31782 4015.32 4089.2 2012 2026
4353 485 24288 5129.76 5229.29 2048 2060
4402 262 13148 1659.82 1815.33 2020 2026
4402 276 13814 6885.27 6929.51 2582 2608
4531 205 10267 7475.17 7563.32 1516 1524
4523 26 1331 5014.35 5069.24 1819 1830
4523 59 2954 558.97 646.692 3238 3269
4502 96 4814 8836.33 8943.92 3066 3088
4526 1130 56501 5565.39 5720.87 1487 1505
4527 480 24039 3042.19 3123.59 2001 2018
4527 509 25485 5213.28 5599.17 2079 2093
4570 132 6640 8195.39 8316.64 1482 1510
4483 100 5022 4771.02 4865.67 1638 1652
4483 112 5632 6083.67 6357.22 2558 2631
4483 115 5785 3285.11 3420.59 672 698
4409 316 15826 3766.57 3811.89 3146 3166
4575 2491 59022 7457.48 7592.77 757 785
4356 205 10294 4346.4 4431.01 1429 1448
4356 238 11934 7102.98 7156.03 1975 2002
4466 129 6482 7318.95 7341.86 3439 3444
4466 132 6605 765.816 932.71 1863 1876
4466 137 6853 4.64806 352.758 1395 1418
4466 150 7523 3981.03 4039.78 3050 3065
4466 152 7635 7583.68 7623.02 1026 1052
4466 158 7944 1950.69 2010.44 2093 2114
4466 167 8374 287.936 325.121 1933 1955
4466 167 8385 2136 2192.04 1557 1564
4466 174 8708 1123.5 1244.51 1550 1561
4466 279 13953 7633.63 7752.53 2281 2290
4466 288 14408 4945.77 5121.14 1932 1947
4497 553 27684 9358.39 9425.49 3068 3074
4533 814 40748 3091.02 3342.2 1498 1523
4533 816 40802 4236.32 4377.25 1918 1945
4533 830 41524 9059.44 9117.76 1937 1944
4551 395 19758 5512.8 5577.28 1989 2005
4570 393 19676 606.407 665.313 1686 1696
4530 262 13146 2032.39 2259.69 498 538
4486 331 16568 3749.03 3814.66 3150 3159
4519 1719 20415 2719.56 2893.8 1719 1742
4394 2800 8958 8775.82 8852.67 907 923
4469 396 19847 790.54 917.653 1908 1919
4469 398 19947 4946.18 5079.78 3140 3147
4469 406 20306 1008.88 1336.3 1720 1740
4469 407 20373 1752.21 1786.75 1512 1518
4469 408 20417 4565.81 4728.9 1595 1601
4469 438 21910 7057.92 7098.59 2161 2168
4469 455 22777 5249.75 5333.06 3051 3073
4469 458 22933 5118.38 5452.08 2850 2882
4526 763 38192 8565.09 8659.69 763 773
4526 775 38777 4262.54 4305.21 646 673
4100 566 28325 3.66274 61.8986 1632 1637
4100 583 29162 2999.8 3385.07 2538 2573
4407 188 9422 3256.09 3523.53 109 125
4408 193 9688 8391.72 8475.83 617 646
4400 36 1847 917.2 1030.38 2792 2796
4573 342 17104 7063.69 7237.23 1915 1934
4575 1970 32970 250.938 359.1 1487 1505
4575 1989 33926 348.37 639.242 2950 2978
4497 433 21688 6670.91 6931.38 1182 1195
4497 484 24233 7226 7416.78 1927 1940
4577 913 45651 1615.14 1741.3 490 504
4577 929 46491 4988.43 5045.03 710 724
4518 801 40086 7802.94 7963.6 2067 2078
4394 1940 31470 1478.07 1582.33 575 616
4394 2163 42625 7386.14 7514.71 58 69
4394 2175 43220 9283.79 9345.74 571 583
4502 449 22483 8672.63 8948.68 2179 2211
4575 2223 45623 5997.87 6263.4 3034 3045
4529 1050 52513 4934.43 4989.41 1594 1614
4502 1519 10425 4013.68 4121.63 3081 3108
4502 1526 10786 5374.89 5475.74 452 466
4483 449 22495 451.713 623.251 747 757
4483 470 23513 7704.51 7770.6 3172 3178
4550 481 24083 7597.01 7634.75 152 159
4550 482 24143 2346.37 2553.04 1437 1443
4550 496 24805 6255.19 6358.81 464 470
4550 531 26552 6280.05 6357.29 1941 1947
4517 1493 9124 4055.61 4122.4 1540 1560
4517 1518 10378 4649.08 5000.49 1413 1431
4570 716 35813 5619.67 5879.85 3157 3176
4485 1261 63097 4535.88 4749.63 1605 1626
4530 1639 16451 4066.72 4167.98 3347 3354
4353 2099 39449 7685.05 7728.2 2630 2643
4575 500 25017 7518.57 7629.84 2524 2537
4535 1141 57087 3328.12 3370.86 1224 1255
4535 1169 58455 3385.76 3463.08 2568 2572
4357 316 15850 5085.01 5146.98 2634 2639
4100 2 142 7807.27 7877.02 1991 1998
4364 365 18290 2648.94 2739.11 1819 1835
4353 1300 65050 4860.11 4966.34 634 645
4353 1324 692 4038.52 4114.56 2063 2077
4353 1351 2047 3939.2 4136.8 2004 2057
4559 1307 65373 1654.59 1767.24 1834 1849
4559 1338 1387 3004.05 3222.37 3224 3233
4559 1342 1571 5170.67 5414.58 1798 1857
4519 1081 54086 8767.01 8964.7 3003 3013
4519 1097 54884 4165.23 4361.33 2975 3000
4519 1115 55774 7215.42 7264.25 1778 1787
4550 701 35071 8959.16 9024.91 2931 2937
4394 110 5523 4928.2 4948.03 1326 1327
4519 1904 29672 2723.1 2827.48 3294 3312
4519 1911 30042 9455.47 9521.44 2154 2199
4353 1477 8352 3431.54 3508.27 2060 2077
4353 1503 9660 757.289 841.615 3152 3185
4353 1513 10161 5861.29 5936.57 1912 1927
4485 922 46114 2175.96 2328.02 2536 2560
4485 924 46239 1603.56 1691.26 3062 3084
4485 929 46474 7891.13 7954.36 2081 2099
4485 946 47320 9225.27 9261.87 1445 1461
4357 887 44371 3818.42 3939.32 1189 1213
4547 2332 51084 5548.9 5716.07 3275 3304
4351 825 41268 4315.5 4523.99 2878 2890
4455 555 27751 4115.53 4229.34 1031 1047
4353 1000 50043 6977.57 7022.68 688 710
4565 26 1345 5052.84 5118.76 1927 1931
4531 175 8787 789.297 857.743 3118 3129
4514 1257 62887 3560.7 3671.78 2065 2092
4516 1550 11968 6263.35 6333.35 33 43
4516 1562 12607 2697.29 2811.09 1671 1738
4536 2883 13124 3844.44 3938.86 673 696
4536 2896 13773 3969 4042.2 2862 2889
4513 1109 55490 6426.43 6491.19 2099 2133
4578 187 9354 2595.14 2649.97 2077 2099
4577 697 34900 9370.69 9586.95 2277 2285
4406 139 6998 6052.27 6137.23 1534 1553
4535 262 13145 7424.04 7478.28 1868 1875
4526 1261 63084 9086 9178.38 2235 2247
4526 1305 65256 5606.63 5656.8 700 705
4483 744 37206 3526.5 3578.9 1678 1686
4483 751 37566 698.955 792.903 432 438
4483 767 38396 2700.73 2826.55 1004 1018
4535 27 1366 2643.66 2733.77 589 606
4535 50 2501 4869.45 4924.36 1946 1956
4394 1148 57408 4966.13 5010.02 1678 1684
4488 479 23953 3137.45 3175.47 1674 1685
4396 1005 50281 236.628 269.951 2298 2301
4404 1408 4911 7261.81 7330.19 1549 1566
4404 1413 5155 7009.97 7086.48 1742 1751
4510 260 13023 8076.61 8114.18 2174 2190
4485 1090 54516 3010.2 3083.48 100 120
4485 1116 55831 6669.28 6710.85 1439 1460
4485 1120 56015 2004.49 2221.03 548 618
4523 1642 16577 1154.25 1211.19 1604 1614
4502 1217 60887 3110.63 3169.74 3026 3041
4534 175 8780 2726.69 2763.35 1660 1674
4513 1314 195 151.826 213.961 1982 2001
4559 1660 17475 5471.83 5551.52 685 695
4559 1676 18292 5546.76 5596.59 3234 3238
4577 506 25331 43.5819 150.588 2247 2258
4577 507 25381 8411.77 8506.11 1897 1917
4469 540 27012 8046.13 8199.44 1695 1710
4469 542 27137 7723.28 7777.22 2779 2799
4516 2795 8686 8598.5 8675.77 1808 1825
4559 2237 46333 4880.91 4938.5 551 569
4547 2962 17077 5434.86 5499.6 2974 2986
4547 2977 17782 2246.54 2301.84 705 732
4547 2979 17891 3110.28 3161.22 2148 2160
4502 1108 55403 4972.99 5167.45 1711 1745
4571 15 772 8089.61 8223.4 1944 1964
4400 686 34309 3372 3507.41 858 886
4498 43 2197 3313.91 3343.9 1086 1092
4486 66 3345 7510.44 7607.95 3363 3436
4486 84 4244 6733.13 6895.79 2168 2194
4486 107 5383 4022.13 4090.68 1742 1769
4530 1236 61832 7575.72 7673.05 760 777
4530 1237 61892 2936.51 3205.12 0 51
4516 2411 55064 6034.73 6383.68 3129 3170
4488 405 20296 3472.16 3529.05 697 706
4516 316 15827 8187.63 8367.78 3314 3324
4567 335 16792 6796.41 6917.02 1937 1947
4530 1338 1410 1348.06 1508.66 2546 2561
4530 1342 1591 2071.27 2135.64 2124 2142
4575 2438 56409 2224.36 2295.72 2183 2209
4579 89 4461 1042.61 1086.68 1043 1057
4579 89 4490 1.5958 143.107 694 716
4396 217 10894 3019.6 3212.3 679 711
4577 858 42936 4747.11 4883.44 1281 1297
4565 2567 62818 7732.99 7834.46 1985 1998
4531 3 170 1742.16 1791.45 2257 2264
4531 16 838 8820.45 9205.38 3212 3241
4394 1086 54311 7584.14 7792.5 1557 1633
4394 1091 54551 2525.23 2552.33 1971 1976
4394 1112 55626 8094.53 8338.2 2536 2548
4544 31 1565 2.5534 76.9684 679 687
4404 335 16793 917.781 952.415 1773 1788
4404 341 17095 3514.71 3640.53 2041 2065
4404 356 17813 8696.04 8819.13 649 668
4551 258 12904 8440.28 8554.49 3302 3307
4474 76 3811 1173.78 1239.23 2527 2548
4570 636 31814 8719.93 8781.96 3058 3067
4483 142 7137 2078.75 2179.59 1615 1638
4483 145 7281 8962.95 9075.72 3010 3027
4483 159 7995 5264.85 5354.19 1050 1079
4533 277 13876 261.106 384.526 1519 1525
4530 1700 19507 7084.99 7186.32 2025 2042
4530 1730 20982 7736.98 7816.14 2164 2177
4485 1595 14232 7598.3 7673.64 645 667
4485 1603 14651 1949.95 2215.06 739 759
4551 3 173 6049.5 6145.86 620 642
4485 1489 8920 7536.06 7604.98 777 804
4402 501 25086 5714.59 5775.62 1782 1812
4497 163 8200 7355.44 7578.77 2614 2656
4497 216 10841 4014.51 4111.76 1489 1511
4514 2418 55397 5400.5 5490.92 2480 2494
4510 300 15037 5146.71 5321.14 3129 3155
4510 303 15188 3563.66 3594.04 2938 2943
4510 309 15456 7520.59 7696.87 1686 1709
4510 329 16462 3000.55 3083.76 3343 3357
4578 11 553 6321.9 6449.73 1680 1688
4578 32 1614 6448.46 6529.49 2820 2835
4578 54 2740 7507.02 7620.18 748 771
4394 1872 28079 7547.17 7766.12 3021 3030
4394 1874 28193 1234.72 1260.57 73 76
4523 105 5254 5943.28 6388.31 2537 2553
4523 123 6164 1246.31 1280.33 95 102
4523 124 6212 1797.68 1982.27 2937 2956
4523 125 6258 5717.86 5819.93 1588 1598
4353 1548 11868 3390.67 3460.77 3023 3048
4351 622 31131 8883.49 9103.9 1477 1484
4404 1169 58474 2238.76 2519.07 1967 1982
4404 1184 59249 723.813 821.638 1613 1649
4517 1399 4415 861.02 928.466 2061 2079
4517 1427 5838 7482.93 7574.34 2988 3016
4547 1692 19105 7963.97 7999.5 1201 1216
4529 176 8802 4301 4415.75 2582 2615
4484 36 1818 4.08556 33.0543 1227 1236
4519 1987 33833 3404.06 3462.73 3248 3265
4519 2030 35975 6119 6198.68 3270 3290
4559 1399 4416 2137.8 2191.38 1772 1783
4513 872 43601 6538.53 6935.65 1844 1880
4404 840 42014 4958.06 5009.33 3181 3187
4404 840 42014 7523.33 7675.4 3130 3140
4404 848 42437 9434.06 9585.75 2511 2532
4404 864 43222 1243.84 1312.82 2125 2143
4404 874 43707 7608.39 7866.42 1625 1647
4533 138 6932 4931.18 5061.56 1670 1677
4559 1120 56031 5252.05 5291.21 1183 1201
4559 1159 57975 4824.27 5049.63 3081 3093
4514 1760 22488 5835.55 5959.82 3420 3447
4514 1766 22808 9427.35 9505.48 609 623
4488 100 5008 6719.25 6809.73 3307 3324
4398 196 9813 8710.92 8797.18 603 616
4565 1068 53408 6061.58 6171.28 2778 2792
4550 452 22639 2635.24 2672.44 1632 1647
4569 521 26074 3600.84 3813.08 1582 1589
4578 519 25972 4047.34 4105.69 3348 3365
4578 681 34092 3259.32 3322.05 501 518
4559 1931 31034 5584.8 5687.23 429 450
4575 2279 48440 1438.86 1555.38 1911 1920
4403 60 3027 3333.5 3498.15 3306 3322
4403 98 4915 4505.12 4601.99 1238 1258
4563 787 39355 804.032 1050.3 658 676
4563 800 40043 2117.75 2232.76 2128 2138
4563 805 40260 3962.99 4116.56 1718 1737
4354 448 22427 4272.79 4357.39 1274 1322
4407 45 2262 3426.59 3635.43 1886 1914
4400 309 15482 3991.34 4200.76 1560 1603
4523 1150 57518 4827.17 4864.75 677 685
4523 1180 59037 716.776 760.507 2860 2878
4523 1184 59240 4065.63 4106.22 594 608
4404 2040 36467 5382.12 5416.47 1729 1742
4550 1141 57078 8075.12 8194.59 3005 3017
4516 237 11863 9303.03 9471.76 713 732
4516 298 14949 3643.38 3842.85 501 524
4537 743 37168 7975.42 8092.58 1639 1653
4508 58 2932 8473.23 8789.06 2850 2859
4485 337 16882 3653.19 3798.46 2277 2283
4485 342 17130 3993.42 4120.19 1473 1495
4530 2189 43921 8923.97 9013.34 1493 1496
4508 63 3198 7474.58 7734.22 1956 1963
4508 85 4300 7156.09 7233.66 3061 3071
4394 1595 14222 4104.49 4138.55 1230 1235
4394 1598 14382 9531.98 9590 3181 3191
4533 729 36500 4708.35 4834.55 467 475
4497 818 40901 2006.08 2035.81 1707 1730
4575 658 32930 3270.52 3427.67 748 768
4404 20 1037 2818.07 2946.05 1581 1602
4513 941 47086 207.83 381.18 559 609
4559 2499 59419 4936.35 4991.91 935 947
4559 2548 61909 7083.28 7260.63 1633 1644
4376 132 6631 8113.87 8153.46 1989 1998
4366 262 13150 4762.01 4911.23 3290 3304
4366 302 15123 4744.49 4804.09 1552 1560
4354 57 2863 2926.89 3056.96 433 444
4527 266 13324 3184.96 3446.99 2162 2189
4519 645 32278 8898.78 9002.45 3130 3138
4519 666 33342 7024.26 7083.92 1438 1456
4519 696 34808 7789 7948.19 1863 1875
4575 258 12925 112.705 212.195 628 647
4537 915 45754 3016.8 3129.51 2016 2025
4570 1087 54370 3535.58 3594.11 1506 1529
4570 1127 56392 3743.17 3801.6 675 682
4526 1373 3115 8755.92 8809.96 920 926
4575 2739 5906 6405.19 6524.83 2063 2072
4575 2780 7978 6862.38 7237.21 105 136
4575 2783 8103 1723.73 1828.6 1009 1084
4516 2140 41474 1014.38 1088.34 1004 1026
4516 2147 41830 3591.21 3739.39 2016 2024
4411 172 8649 8507.96 8740.57 1445 1465
4406 361 18054 9433.94 9489.07 3101 3105
4406 369 18472 4144.21 4233.44 49 55
4406 398 19904 9224.9 9367.53 3242 3255
4575 937 46864 2111.29 2132.33 2800 2819
4101 7 375 2446.96 2596.2 2789 2801
4101 26 1323 8481 8641.9 3310 3323
4364 114 5721 903.234 1161.69 3050 3072
4353 1103 55158 5089.81 5124.52 1785 1798
4396 1425 5749 1560.51 1676.63 2599 2616
4376 85 4274 7228.5 7570.23 1281 1326
4376 90 4526 6476.89 6591.02 3022 3034
4376 92 4628 7790.58 7870.42 3206 3224
4376 98 4939 1640.23 1749.96 1783 1792
4497 775 38777 6470.34 6573.21 73 80
4385 72 3628 3804.05 3884.18 120 134
4385 118 5938 5900.37 6094.04 728 767
4513 590 29516 94 263.206 1508 1512
4362 174 8709 5801.82 5893.48 1186 1196
4547 2357 52338 5743.58 5817.41 573 587
4567 111 5572 2248.71 2347.86 1177 1202
4394 570 28515 4863.63 5024.78 1066 1078
4394 600 30021 8061.3 8098.56 1250 1275
4394 601 30081 2822.88 3079.78 1124 1193
4365 100 5009 1890.2 1989.58 665 679
4365 103 5194 3575.99 3736.65 1096 1104
4516 361 18081 9264.93 9300.45 1242 1260
4518 1627 15832 9178.42 9397.89 1955 1969
4502 301 15096 46.284 157.91 449 479
4565 683 34190 794.594 827.573 1962 1977
4533 560 28031 9262.66 9296.24 1795 1800
4533 593 29672 3848.41 3961.6 1539 1550
4594 374 18714 2950.89 3106.74 2506 2532
4594 389 19481 3584.78 4009.2 854 873
4468 183 9173 3660.14 3813.5 1713 1718
4468 188 9426 6676.58 6795 3093 3152
4468 188 9437 8926.86 8972.42 3096 3111
4468 191 9588 7874.07 7964.96 261 269
4468 192 9609 3053.12 3109.56 3224 3242
4468 221 11091 7983.57 8019.56 3279 3284
4468 222 11135 8884.82 8947.75 3221 3239
4468 244 12244 5331.87 5382.57 3055 3060
4616 2054 37169 4563.72 4641.1 1626 1643
4404 668 33405 3174.66 3255.94 3428 3441
4404 681 34068 4825.24 4870.7 2632 2662
4404 712 35638 5875.8 5935.42 491 516
4404 1518 10369 1429.34 1565.2 2089 2099
4575 2851 11520 1933.59 1994.14 616 636
4396 1289 64486 3132.19 3199.22 52 81
4559 2473 58164 7093.73 7118.77 2309 2320
4559 2496 59294 5908.87 6024.03 2648 2655
4530 1955 32230 7568.86 7966.05 1277 1310
4530 1973 33125 6274.9 6353.6 1968 1983
4530 1983 33644 3298.55 3341.26 1188 1197
4411 882 44102 8599.03 8904.95 2024 2037
4411 70 3544 6348.66 6393.45 1854 1879
4411 72 3603 9237.67 9366.14 206 214
4411 90 4507 1001.76 1109.64 2755 2779
4486 522 26109 1728.93 1906.22 94 116
4488 804 40238 4632.34 4703.21 3141 3166
4531 70 3543 9515.1 9559.07 1658 1687
4531 70 3543 6304.15 6359.91 452 465
4533 386 19345 8743.79 8804.29 2595 2610
4565 370 18532 3506.5 3640.02 1507 1513
4514 2501 59537 985.125 1113.56 435 443
4485 490 24506 3861.05 3984.11 2520 2546
4404 737 36896 512.42 635.016 1074 1099
4404 752 37620 4162.2 4322.54 3012 3017
4549 260 13039 2661.5 2729.92 2980 3004
4518 1024 51235 1907.7 1952.95 2537 2557
4523 775 38754 2263.4 2733.56 1796 1819
4523 779 38967 6698.66 6927.61 2657 2717
4577 444 22242 9342.73 9534.18 1269 1283
4577 468 23434 3872.15 3904.79 1626 1630
4513 669 33497 5986.41 6250.83 3030 3067
4513 669 33497 2532.34 2571 989 1004
4513 712 35616 795.598 1069.77 502 555
4498 424 21220 4380.25 4591.22 1134 1145
4514 721 36059 2809.23 3133.43 2250 2292
4514 722 36123 1874.11 1982.54 1595 1603
4514 726 36310 3727.29 3839.17 1790 1813
4514 726 36310 1221.72 1276.7 1870 1878
4514 745 37253 8278.17 8293.77 1894 1903
4547 2096 39299 9217.37 9272.91 682 696
4485 777 38863 7295.8 7426.3 1496 1506
4485 815 40786 8358.52 8448.38 3426 3440
4485 820 41023 2406.3 2472.27 1687 1709
4526 315 15800 923.414 1048.08 1841 1910
4526 339 16991 4709.13 4916.35 3185 3191
4486 240 12040 8489.14 8559.68 2168 2182
4351 97 4871 9295.46 9352.9 3113 3121
4351 99 4994 2252.36 2305.38 2080 2090
4513 1256 62820 8810.26 8876.94 633 641
4575 2431 56055 8469.99 8675.92 1597 1604
4099 462 23131 3466.87 3650.99 2060 2071
4099 504 25232 2210.15 2418.01 2120 2129
4404 2822 10060 7473.58 7536.95 908 912
4404 2834 10664 1188.81 1366.49 3086 3092
4353 665 33295 749.723 884.54 2148 2165
4353 693 34700 2975.15 3052.9 3274 3284
4539 186 9321 3242.1 3476.46 2071 2084
4539 186 9321 2603.37 2722.41 3229 3245
4383 18 933 8837.59 8950 1987 2007
4411 784 39211 820.27 1228.25 3089 3125
4357 207 10368 8666.1 8791.94 3031 3043
4357 217 10868 7387.14 7452.82 42 60
4404 1464 7665 2610.24 2720.8 1624 1638
4404 1480 8502 5712.33 5827.22 2069 2086
4404 1493 9162 2178.62 2343.17 549 588
4404 1496 9287 3338.75 3702.19 3067 3081
4354 811 40553 2339.44 2581.66 235 282
4351 710 35534 8539.29 8630.76 13 25
4519 1065 53267 4402.53 4504.9 81 121
4519 1068 53415 1758.43 1903.16 1859 1867
4519 1072 53631 5039.18 5174.73 1714 1725
4502 739 36995 4197.01 4309.7 987 996
4353 1427 5840 2746.57 2820.75 1043 1057
4514 2304 49714 9390.92 9423.85 684 691
4514 130 6550 4846.19 4924.12 1917 1927
4378 1101 55076 4673.19 4816.02 1843 1851
4378 1106 55304 8093.81 8193.94 714 730
4378 1131 56552 4524.69 4607.66 1604 1628
4396 1446 6773 7038.93 7187.26 1693 1725
4578 761 38093 4901.62 5019.92 2020 2032
4578 779 38988 7238.93 7451.62 2610 2634
4353 1289 64459 1346.34 1409.3 55 81
4547 2530 61013 1737.87 1847.09 2248 2267
4547 2554 62206 3233.18 3351.42 1857 1873
4547 1911 30029 3181.57 3262.69 581 599
4547 1916 30275 754.383 922.275 3096 3105
4529 446 22316 1271.28 1300.7 3070 3086
4529 450 22506 6239.09 6355.71 1717 1734
4541 2909 14398 4901.07 4979.37 2252 2267
4541 2933 15592 8720.43 8768.36 2614 2632
4513 1669 17916 693.68 708.984 2565 2572
4396 515 25765 9530.98 9586.7 2244 2255
4394 1222 61101 8802.06 8898.05 1090 1098
4404 197 9857 4305.95 4340.42 781 796
4513 2167 42819 3436.93 3575.66 3209 3216
4404 374 18715 8422.11 8543.45 3437 3445
4404 405 20275 7629.69 7902.84 1792 1811
4404 419 20998 1355.88 1425.49 1986 2009
4408 575 28799 7020.03 7092.01 3011 3033
4408 594 29708 5123.38 5254.97 2977 3006
4519 1011 50552 6299.74 6408.19 1841 1862
4570 248 12437 8663.93 8749.3 1997 2015
4565 586 29337 2004.6 2048.25 1919 1926
4411 258 12916 1145.69 1168.88 3001 3005
4411 266 13337 5630.36 5666.94 430 444
4411 277 13872 5844.94 5909.31 3258 3261
4388 2224 45692 8874.62 8947.27 3068 3078
4388 2258 47403 5622.52 5648.67 2046 2068
4516 1839 26446 8499.97 8534.09 1578 1591
4516 1863 27638 8509.47 8622.75 1700 1710
4575 2858 11872 3287.86 3487.31 3312 3335
4498 232 11643 3086.76 3183.87 2242 2263
4498 257 12852 2120.88 2360.62 1272 1287
4523 862 43146 7168.25 7280.66 1916 1936
4394 264 13233 3333.84 3469.17 3077 3093
4519 2141 41538 9016.05 9187.19 1643 1660
4456 395 19760 7560.33 7660.53 2126 2135
4456 409 20471 7257.31 7286.51 1692 1700
4456 413 20659 5903.88 5972.73 3063 3071
4456 414 20745 9112.42 9174.14 612 629
4456 415 20789 5034.8 5136.39 2273 2278
4456 416 20801 3121.02 3427.31 1856 1884
4456 451 22599 6632.3 6717.68 635 642
4544 69 3470 1473.38 1516.72 626 649
4362 9 476 866.776 979.451 1540 1572
4362 40 2042 8934.12 8979.06 2131 2142
4498 277 13871 4873.04 4901.33 1850 1855
4498 278 13933 8899.85 8993.46 3260 3289
4498 289 14465 977.12 1018.21 1838 1848
4099 274 13723 114.653 231.729 1615 1622
4099 289 14496 9042.02 9148.98 2061 2068
4363 189 9474 5535.54 5610.04 2103 2114
4502 1235 61790 6160.79 6213.45 2646 2652
4530 658 32911 1098.7 1181.43 3300 3312
4530 664 33201 2436.66 2560.22 487 507
4356 483 24186 6528.02 6572.41 3081 3091
4513 1879 28461 2751.64 2844.28 1821 1846
4400 465 23273 850.769 900.677 2267 2277
4488 666 33312 7597.42 7695.02 2091 2109
4535 971 48583 4467.07 4626.47 2589 2599
4535 977 48885 9269.21 9291.67 2494 2499
4535 978 48941 7716.73 7801.74 1720 1742
4535 1003 50194 1630.41 1701.95 1530 1535
4394 201 10088 3744.04 3851.88 2239 2262
4523 1315 229 704.841 749.781 1245 1254
4411 363 18155 3645.57 3703.53 673 689
4550 171 8600 688.027 742.79 2577 2589
4514 2282 48586 2536.49 2632.1 1931 1955
4565 2340 51468 4.77402 258.434 2149 2204
4394 1892 29091 4409.26 4535.64 2033 2040
4563 843 42157 1788.12 1808.28 488 503
4374 717 35880 1261.15 1424.43 2604 2621
4377 2780 7967 6621.71 6686.39 1606 1614
4497 317 15865 7518.08 7570.78 3089 3106
4497 332 16605 4464.19 4684.61 3361 3407
4514 2454 57174 9244.91 9312.41 3174 3206
4578 86 4323 7020.9 7225.75 592 608
4510 112 5627 5685.35 5816.52 3152 3159
4502 309 15456 961.375 1118 1901 1934
4502 327 16362 5761.65 5842.25 1471 1491
4502 344 17248 298.098 364.488 1844 1855
4101 62 3129 6363.64 6768.6 3321 3340
4101 64 3225 5715.15 5844.08 1587 1611
4101 82 4126 693.041 748.337 1989 2009
4101 88 4440 1607.53 1671 708 711
4518 553 27693 6241.64 6360.03 1118 1143
4518 600 30042 7556.85 7684.21 2950 2988
4516 2050 36983 3166.64 3245.29 1061 1084
4516 2062 37578 2790.88 3030.05 2476 2493
4516 2080 38514 3799.58 3845.04 3019 3039
4516 2085 38760 3531.18 3587.81 2488 2505
4516 2086 38808 7246.17 7374.01 2777 2797
4516 2107 39823 7269.76 7678.19 3246 3293
4386 1162 58129 2177.16 2301.22 3103 3114
4518 230 11548 4402.27 4516.75 2064 2091
4523 938 46943 8658.91 8691.23 1986 2001
4523 945 47251 3806.28 4104.05 1677 1715
4530 2020 35468 3145.74 3211.62 1861 1881
4530 2056 37305 4265.98 4353.92 1796 1807
4530 2056 37305 2774.37 2851.56 582 595
4497 993 49686 4.41456 63.681 1087 1095
4570 414 20746 3977.34 4003.84 1536 1543
4516 2836 10758 5584.34 5792.44 2597 2621
4516 205 10280 3428.27 3519.32 1561 1572
4381 2949 16404 3817.14 3867.23 1979 1990
4396 553 27668 3394.18 3703.95 1841 1879
4392 368 18409 3.80817 36.8366 2098 2104
4392 393 19688 2523.85 2613.29 1558 1581
4410 1 94 546.046 685.133 1715 1728
4410 5 275 3202.8 3238.61 1740 1762
4410 53 2656 732.34 934.044 1533 1539
4396 1029 51485 7876.87 7924.56 675 696
4396 1077 53861 4137.59 4158.49 1985 1997
4550 324 16205 4900.98 5141.28 1993 2006
4550 333 16691 798.922 1161 1753 1796
4550 333 16691 611.458 907.704 1848 1869
4550 356 17832 2907.59 2956.24 786 791
4559 1715 20251 6768.93 6981.14 1463 1507
4559 1769 22921 2531.1 2868.41 1621 1633
4502 364 18209 7913.61 8065.36 2581 2592
4502 2161 42555 2390.73 2487.29 1621 1629
4502 2184 43710 4677.01 4837.59 1464 1474
4485 1201 60083 8790.83 8856.81 3310 3324
4485 1210 60504 4401.25 4430.95 1783 1796
4570 1331 1044 3990.16 4071.91 3147 3173
4570 1382 3576 2.54476 27.0704 3003 3011
4559 1487 8815 1554.78 1643.85 1724 1730
4382 217 10870 806.15 949.239 2292 2306
4382 230 11517 2110.5 2159.64 2044 2054
4404 2749 6410 5357.31 5413.97 1274 1280
4516 1226 61329 2974.78 3226.9 2622 2647
4516 1257 62878 7798.4 7840.66 1279 1291
4514 673 33697 4784.24 4883.83 1011 1027
4535 949 47451 1612.59 1767.18 1978 1982
4486 152 7620 6973 7182.68 2611 2647
4517 532 26648 3795.26 3841.6 1538 1569
4517 539 26995 7661.19 7734.54 1415 1446
4455 191 9568 5369.09 5406.83 1573 1583
4455 194 9725 5716.32 5970.17 2157 2188
4455 215 10775 7170.45 7287.61 1793 1798
4455 217 10866 313.797 406.469 1876 1902
4455 233 11652 7820.75 7899.64 3197 3214
4455 234 11720 1.8308 82.0353 3246 3279
4485 381 19097 478.357 567.393 2010 2038
4527 519 25954 8184.57 8275.15 1030 1038
4527 521 26064 4.54786 74.8958 511 522
4570 1183 59182 7694.84 7780.87 2258 2281
4563 761 38099 1973.34 2025.29 1650 1667
4519 778 38936 8929.57 9045.1 3170 3199
4519 812 40606 4868.51 4887.59 3420 3423
4409 528 26416 6539.4 6597.04 886 907
4575 1839 26422 1359.89 1425.75 1896 1901
4101 167 8387 8966.23 9081.86 571 574
4455 244 12210 876.094 888.322 222 228
4455 257 12853 6257.86 6380.61 1310 1349
4455 257 12886 7513.57 7685.03 3295 3299
4455 257 12898 6186.02 6247.76 449 469
4455 259 12975 7303.57 7438.23 472 529
4455 263 13195 5459.31 5543.13 3211 3233
4455 264 13250 8306.65 8342.92 1968 1989
4455 268 13439 7561.81 7886.04 1845 1871
4455 275 13754 10.096 58.2259 2622 2638
4455 289 14471 8044.82 8114.92 1002 1014
4455 293 14694 4733.65 4794.25 1423 1437
4455 298 14904 5860.27 5928.35 1653 1666
4396 472 23611 2998.36 3015.38 989 990
4409 576 28829 1034.83 1120.97 3186 3208
4409 597 29896 1039.86 1097.24 570 575
4404 2423 55654 3452.19 3480.75 120 152
4404 2439 56424 2682.7 2708.38 1844 1849
4508 197 9859 2239 2315.62 2244 2255
4517 825 41284 6593.85 6654.22 2116 2126
4374 116 5843 4.03868 100.011 1474 1484
4518 691 34565 5683.14 5793.64 8 18
4466 363 18160 854.572 941.371 906 919
4466 369 18459 2902.24 2962.01 1937 1949
4466 370 18515 1190.11 1416.02 1561 1578
4466 374 18728 7111.04 7257.99 897 911
4466 380 19021 1230.87 1343.14 1760 1767
4466 389 19492 2.46918 37.5575 662 687
4466 393 19681 1238.82 1355.3 1276 1282
4466 396 19836 6442.65 6550.23 3082 3091
4466 541 27082 3235.19 3321.82 13 57
4509 9 468 3120.14 3358.4 1915 1941
4509 28 1420 1206.28 1288.6 2559 2588
4509 32 1644 5294.15 5306.15 1915 1919
4509 57 2860 7763.24 8008.82 1207 1225
4513 1852 27077 5990.46 6181.14 3301 3310
4513 1854 27208 3721.61 3898.52 560 564
4569 815 40761 2461.7 2752.22 697 744
4523 983 49181 3678.8 3837.6 1251 1274
4523 994 49721 8961.63 9044.27 1979 1994
4559 2681 2986 2469.94 2674.53 3438 3451
4559 2686 3274 7693.17 7785.17 3119 3125
4578 428 21429 8948.04 8995.71 1301 1307
4578 432 21616 4987.25 5080.9 1265 1277
4578 465 23255 1158.87 1219.79 3132 3151
4565 2787 8287 3094 3177.78 1818 1831
4547 1963 32626 3548 3786.27 2626 2636
4547 1990 33984 3794.75 4004.26 3165 3177
4565 120 6036 7784.35 8014.65 1308 1317
4565 150 7508 5617.23 5743.4 1596 1610
4565 171 8569 1548.65 1630.44 3031 3044
4488 999 49995 5906.99 6051.45 1932 1941
4514 858 42939 3143.48 3304.65 1524 1543
4523 1256 62845 3524.44 3674.76 688 713
4539 80 4003 9138.95 9190.13 1662 1675
4539 115 5771 1327.83 1417.78 709 716
4353 853 42693 9539.86 9587.37 1411 1417
4526 1071 53573 6316.58 6446.56 1526 1535
4526 1078 53926 3244.83 3558.78 775 809
4550 791 39588 6345.64 6528.77 2587 2608
4550 795 39794 1171.23 1293.27 1911 1932
4411 724 36226 3036.46 3294.11 2605 2635
4411 748 37424 5415.91 5451.86 666 678
4400 375 18779 5520.42 5564.33 1785 1816
4400 415 20752 6577.17 6667.79 3143 3169
4529 735 36767 8998.98 9165.81 1790 1833
4526 200 10045 4835.71 5131.22 108 147
4508 257 12855 4360 4597.36 2117 2138
4508 262 13126 8886.1 9004.75 1482 1497
4508 270 13545 7359.21 7507.89 2053 2074
4508 301 15070 1435.92 1522.16 554 569
4394 689 34462 1967.81 2125.96 2549 2583
4394 702 35126 5948.83 6037 2107 2135
4502 1740 21506 4029.25 4072.76 685 701
4519 45 2261 4991.65 5173.17 1714 1731
4519 90 4525 1770.28 1811.84 1966 1991
4519 721 36063 8866.01 8909.51 2029 2046
4547 2152 42080 1474.22 1646.73 1814 1840
4354 682 34125 2856.92 3003.94 1463 1469
4404 1845 26752 4953.91 5037.62 3160 3163
4404 1859 27418 7257.92 7283.46 1128 1138
4485 142 7136 6968.7 7146.55 1805 1817
4485 159 7967 4456.47 4489.76 1556 1576
4353 1732 21106 3411.42 3468.87 564 572
4353 1733 21152 9560.67 9586.89 1522 1537
4353 1755 22238 4606.29 4708.61 3198 3230
4516 556 27826 3525.27 3787.21 2266 2286
4516 557 27897 7629.21 8134.94 1991 2019
4517 1290 64540 647.07 756.992 775 794
4565 1081 54053 8250.56 8299.31 3054 3063
4565 1084 54241 7061.42 7141.25 2144 2150
4559 2123 40660 7178.41 7258.6 3233 3245
4559 2134 41185 5682.29 5802.06 1959 1969
4486 467 23361 6418.59 6464.57 1669 1689
4486 474 23722 4984.54 5021.44 674 708
4100 732 36640 7847.32 7993.84 1929 1948
4100 761 38087 2833.99 3125.12 1627 1645
4100 765 38263 3860.38 3910.51 3276 3281
4377 2836 10729 7032.45 7089.21 1549 1566
4377 2877 12794 1605.54 1885.45 21 42
4356 405 20300 7648.33 7796.42 1612 1628
4356 419 20999 3070.16 3129.9 3048 3059
4516 1189 59455 5823.34 6078.22 1013 1026
4404 2341 51522 4670.49 4739.29 1692 1725
4516 660 33001 4295.68 4785.56 541 582
4516 665 33294 1443.86 1504.58 1581 1587
4516 686 34301 4141.02 4274.45 624 631
4516 690 34550 6055.72 6181.32 1297 1321
4531 350 17524 6716.19 6749.49 1432 1442
4513 1679 18456 192.104 256.182 844 856
4513 1735 21230 7502.49 7734.3 2174 2180
4513 2311 50023 857.82 970.458 1641 1649
4559 1453 7163 6012.83 6054.41 639 645
4559 1465 7752 8489.28 8593.58 3030 3061
4527 54 2738 2479.88 2602.08 1535 1556
4565 2753 6619 760.355 1015.2 3150 3196
4411 650 32518 6735.76 6861.59 1819 1827
4514 2354 52205 6521.4 6685.65 921 936
4514 2533 61161 5876.45 5972.24 890 916
4514 2536 61310 205.928 301.107 1777 1789
4498 122 6105 8028.75 8109.1 3021 3042
4498 150 7548 1795.34 2043.76 3059 3084
4498 158 7907 8457.53 8514.58 472 527
4517 120 6043 4635.49 4770.91 2159 2171
4517 145 7282 3909.5 4060.66 574 608
4578 384 19235 9064.4 9125.16 1680 1694
4575 1729 20916 2674.07 2781 1758 1778
4575 1746 21811 2206.05 2362.63 3347 3380
4483 572 28639 8664.24 8761.42 3199 3212
4529 981 49053 5987.38 6292.37 2034 2063
4371 1072 53627 7474.99 7541.33 2979 3000
4379 79 3967 2060.11 2172.66 1439 1449
4443 24 1212 2957.68 2983.31 1855 1867
4351 526 26341 4204.63 4336.47 3253 3276
4502 2086 38778 6413.75 6513.52 1658 1685
4517 749 37498 5987.97 6083.11 1788 1818
4404 2240 46492 2071.04 2177.52 2806 2817
4404 2261 47560 9066.2 9160.71 671 686
4523 1043 52177 3783.87 3814.32 2545 2558
4523 1066 53335 1370.58 1416.09 895 911
4523 1070 53545 2131.98 2194.22 1120 1140
4519 2458 57413 3634.18 3676.26 1939 1952
4519 2491 59048 8723.93 8848.03 261 266
4394 2825 10217 2697.52 2743.41 2655 2671
4535 521 26069 5826.74 6296.89 17 33
4527 76 3833 660.479 774.002 1927 1934
4542 2923 15127 1613.88 1733.98 1451 1461
4569 713 35653 1547.98 1585.98 1489 1499
4529 35 1790 1322.24 1465.03 2078 2090
4518 892 44610 8787.92 8929.15 1550 1584
4518 900 45036 8376.59 8534.32 1598 1611
4523 523 26189 7522.53 7951.46 3035 3070
4400 739 36953 6463.63 6571.77 1189 1212
4369 131 6582 6436.91 6574.36 3221 3294
4353 793 39683 7643.07 7736.76 1698 1714
4353 809 40453 2969.27 3073.83 770 786
4575 2127 40845 8740.97 8778.36 678 684
4354 186 9349 9506.65 9586.8 994 1016
4354 187 9395 9022.68 9094.7 3112 3120
4354 239 11965 7097.65 7172.83 3321 3342
4351 142 7140 4349.05 4394.16 2014 2046
4502 139 6961 6678.15 6759.28 1892 1911
4502 148 7438 9010.01 9048.79 1082 1105
4530 827 41358 7398.91 7516.75 3292 3314
4519 2388 53875 8086.01 8183.25 598 630
4519 2416 55310 8151.49 8178.32 1601 1606
4100 863 43191 2985.45 3135.46 3296 3322
4367 1422 5613 536.954 633.144 1977 1994
4367 1424 5673 293.85 473.345 3266 3294
4529 400 20025 2607.3 2689 2637 2646
4533 207 10378 1406.72 1467.77 3345 3359
4533 208 10439 8358.55 8519.93 1794 1849
4526 420 21006 2126.91 2443.47 1565 1605
4526 441 22095 5021.98 5147.07 1117 1130
4526 466 23345 1205.29 1297.17 672 674
4575 2673 2594 1085.06 1134.62 2082 2090
4519 1582 13604 7129.68 7152.91 2961 2967
4519 1593 14124 4829.03 5011.86 990 1008
4519 1614 15169 5860.46 6041.17 1249 1260
4529 885 44278 2745.12 2788.72 2995 3019
4391 1199 59970 4677.82 4714.04 2107 2129
4394 782 39149 9558.32 9587.16 2818 2823
4570 91 4553 8092.01 8134.16 1036 1045
4514 1471 8055 6285 6465.84 3132 3152
4514 1605 14748 8536.12 8557.89 2075 2079
4514 1619 15462 8364.48 8528.09 3214 3225
4466 513 25660 4355.98 4423.89 995 1004
4466 520 26022 4070.47 4107.03 24 40
4466 525 26265 6405.54 6932.3 636 675
4411 575 28772 5269.83 5444.05 3033 3073
4559 1993 34164 3280.19 3361.49 901 913
4559 1996 34290 7751.85 7876.23 1916 1930
4483 501 25081 6879.53 7043.76 1429 1441
4516 2413 55116 4444.56 4474.12 1552 1564
4516 2461 57545 6988.26 7001.44 623 627
4550 247 12378 5719.19 6155.65 2131 2156
4353 717 35872 7753.8 7889.71 1597 1609
4353 739 36959 1852.78 1906.7 2587 2594
4523 1582 13590 6004.11 6142.17 2573 2621
4516 1426 5793 7286.6 7328.71 2583 2592
4516 1451 7045 5474.69 5544.45 698 726
4516 1454 7208 984.678 1033.02 3361 3373
4402 145 7296 6348.32 6436.08 3164 3179
4516 999 49976 6759 6859.12 1718 1729
4565 2711 4493 1991.45 2164.66 1537 1548
4357 637 31869 2888.59 3103.86 3040 3063
4362 93 4685 6218.11 6362.81 1838 1892
4362 118 5948 5248.82 5353.56 2047 2054
4572 251 12596 8588.39 8740.29 1702 1724
4394 1079 53952 6933.69 6996.17 1723 1736
4404 263 13195 5429.89 5517.23 1704 1716
4404 276 13801 1315.77 1357.63 1266 1298
4575 2700 3966 2909.81 2958.38 3347 3353
4353 154 7731 1965.97 1995.77 2322 2333
4518 299 14968 4469.85 4502.82 648 664
4371 916 45821 2286.96 2443.98 2048 2057
4357 97 4892 6409.28 6457.33 2237 2255
4357 118 5932 6804.57 6860.11 2281 2307
4356 124 6207 9306.46 9389.9 1935 1950
4356 125 6265 757.494 801.396 90 100
4497 1029 51491 8826.05 9003.8 3073 3116
4497 1066 53304 3412.99 3555.86 2852 2863
4530 769 38473 654.134 786.051 3137 3148
4530 773 38700 7818.57 7970.89 2098 2113
4530 782 39115 3597.4 3659.18 1552 1564
4592 102 5139 5229.05 5476.01 480 528
4592 112 5620 6958.35 6983.67 906 922
4519 1624 15694 8549.65 8579.05 2006 2013
4519 2622 32 1902.84 2094.2 719 735
4529 86 4313 389.719 564.037 872 890
4575 776 38832 7062.81 7280.36 1574 1603
4575 813 40674 249.035 348.39 1681 1698
4547 2710 4474 1614.9 1871.75 3079 3109
4483 525 26275 7315.62 7566.82 2256 2300
4565 849 42479 8572.67 8709.31 3078 3121
4565 886 44314 1964.87 2232.45 2665 2687
4517 1329 949 295.47 349.559 1881 1890
4517 1334 1204 2049.02 2188.37 1751 1778
4551 295 14788 7858.5 7922.83 1531 1547
4551 300 15022 6917.65 7055.04 656 680
4551 306 15314 7140.35 7176.3 2649 2652
4551 331 16571 2077.35 2498.87 850 908
4400 593 29674 9215.62 9321.87 1504 1520
4519 2275 48248 2547.72 2657.47 3193 3200
4376 2 126 1370 1754.73 699 753
4376 62 3117 5046.85 5247.39 1460 1525
4404 443 22183 3748.84 4176.05 1605 1624
4404 462 23149 1758.94 1955.64 2996 3019
4550 209 10465 2763.1 2832.39 1545 1569
4406 84 4250 3297.45 3356.75 3344 3350
4534 31 1596 8903.18 8961.08 1595 1614
4356 823 41171 2321.28 2435.65 723 736
4488 974 48706 8948.86 9023.87 1517 1524
4488 975 48793 7284.6 7322.19 1749 1751
4407 65 3292 4711.19 4766.2 3040 3071
4407 76 3823 2053.52 2183.46 3235 3257
4488 484 24249 3528.16 3737.3 2957 2984
4540 52 2650 177.381 264.904 1434 1455
4518 1291 64582 8624.62 8670.54 3238 3249
4513 2248 46892 6012.78 6145.48 2860 2881
4100 394 19734 4309.63 4405.21 2267 2279
4455 306 15325 857.949 959.495 1718 1728
4455 309 15459 3.42866 41.6717 1466 1469
4455 312 15623 8327.14 8401.42 1599 1613
4455 339 16962 8982.17 9045.87 1600 1629
4455 347 17398 5241.05 5293.32 1509 1524
4530 1291 64590 3.23085 88.4294 736 743
4530 1298 64946 1942.51 1995.74 446 461
4530 1311 52 5457.86 5692.14 3109 3160
4484 328 16448 4733.57 4865.18 1627 1647
4516 2622 53 3117.91 3340.56 2783 2823
4456 63 3187 7409.67 7481.77 2106 2124
4456 67 3367 4500.81 4530.43 1455 1464
4456 75 3777 4084.42 4292.96 1565 1578
4456 91 4573 5554.46 5732.76 2255 2269
4518 1335 1256 5736.93 5830.94 711 718
4518 1357 2357 2302.92 2357.74 78 86
4518 1369 2944 2442.73 2494.73 3262 3279
4488 1207 60383 2940.77 3373.08 3167 3194
4488 1226 61337 2654.75 2786.88 2298 2331
4488 1240 62024 3890.67 4118.48 2763 2807
4488 1244 62205 4819.3 5168.29 563 577
4488 1249 62476 2722.48 2912.67 2244 2252
4488 1250 62511 5550.05 5591.83 3088 3093
4488 1255 62765 7079.71 7292.18 1025 1064
4488 1258 62918 8787.48 8995.27 571 577
4351 367 18374 5599.41 5750.45 1452 1478
4351 370 18537 5839.82 5932.79 3339 3344
4559 2715 4695 8368.06 8691.38 1917 1934
4526 284 14223 6969.98 7136.55 3307 3319
4409 654 32724 6966.12 7254.85 2010 2021
4394 2739 5916 9445.41 9483.48 1040 1044
4502 1812 25098 3976.58 4060.91 39 45
4518 1787 23843 7100.15 7143.57 3030 3060
4513 2291 49023 8381.74 8506.6 2281 2293
4513 2425 55761 8076.28 8111 3193 3216
4513 2446 56766 5942.03 6067.79 1125 1129
4523 365 18266 5881.14 6065.32 3228 3241
4523 390 19517 2378.7 2423.92 1924 1933
4571 129 6473 4122.66 4229.71 2064 2106
4571 146 7306 3550.17 3759.48 1014 1031
4577 826 41336 3387.68 3490.21 2512 2532
4565 495 24795 8151.76 8284.61 614 630
4565 502 25148 5305.89 5412.85 1195 1222
4532 87 4377 2581.39 2841.94 1817 1824
4394 2221 45550 9446.68 9516.3 3239 3256
4394 2233 46139 3848.64 4033.03 672 686
4100 503 25158 2248.67 2417.26 1927 1949
4455 79 3969 1358.26 1486.17 1088 1103
4529 927 46392 3586.64 3638.71 3161 3175
4351 178 8923 4962.86 5101.66 2791 2793
4351 182 9128 4402.43 4537.02 585 612
4351 191 9575 8785.07 8847.3 3313 3340
4406 332 16617 1188.62 1355.98 3060 3079
4406 347 17397 8357.78 8437.08 3221 3228
4406 358 17929 7735.1 7757.95 1445 1453
4517 197 9891 5914.95 6052.52 3040 3070
4516 2660 1937 3467.9 3508.9 2243 2252
4559 2780 7951 2942.83 3047.75 1228 1238
4575 1342 1580 3684.19 3768.43 3168 3172
4519 1514 10200 7885.74 7996.41 3332 3342
4519 1530 10978 5296.07 5407.96 1950 1963
4570 557 27874 9458.04 9523.78 1667 1683
4497 394 19726 7300.59 7435.88 1835 1859
4497 420 21049 1281.46 1398.93 1876 1894
4550 898 44912 7815.43 7933.54 1458 1471
4565 99 4965 1214.18 1272.37 3006 3018
4456 15 771 8953.73 9037.81 1586 1597
4456 26 1329 6341.97 6391.96 3362 3379
4456 27 1373 7377.99 7493.98 527 531
4456 33 1660 8608.06 8630.49 1183 1197
4456 43 2159 1743.66 1895.6 3275 3301
4456 44 2215 9041.27 9106.72 1307 1327
4456 56 2823 6566.87 6795.74 2574 2660
4565 2475 58261 3107.24 3159.79 656 679
4565 2513 60148 8562.33 8704.01 1469 1492
4550 971 48597 5917.63 6010.23 3209 3213
4550 978 48947 3821.63 3956.14 3110 3134
4559 1253 62686 8146.31 8381.65 1808 1866
4516 904 45206 1078.25 1330.44 1853 1882
4516 912 45620 2722.46 2856.25 1219 1234
4523 440 22006 873.451 1233 748 779
4523 472 23623 2810.05 2933.27 1908 1934
4483 831 41556 1096.86 1230.77 3207 3218
4575 93 4698 9083.35 9160.27 1498 1521
4517 619 31000 9506.89 9566.98 880 899
4498 67 3351 3986.94 4026.31 3307 3325
4396 414 20739 4880.8 4899.06 1084 1091
4549 83 4174 2812.4 3041.07 3039 3058
4526 652 32601 3915.05 4067.28 1911 1960
4526 684 34232 8622.56 8760.28 3077 3093
4526 696 34811 3367.52 3445.73 1636 1663
4370 811 40578 8131.13 8151.51 3160 3165
4370 835 41760 9310.7 9386.09 1863 1877
4391 1238 61941 189.677 259.523 493 511
4364 401 20081 6229.28 6257.18 1949 1964
4364 413 20672 1157.52 1270.31 3009 3015
4364 417 20857 2142.85 2200.18 3307 3320
4364 437 21868 6461.43 6501.46 61 74
4364 438 21929 4745.33 4768.59 31 42
4394 406 20342 5819.83 6187.21 3335 3395
4394 412 20642 1556.31 1837.68 3132 3187
4394 424 21236 4623.72 4836.28 1450 1463
4394 433 21655 6887.9 6968.41 795 815
4517 1569 12959 8472.47 8560.61 3131 3158
4396 1453 7133 3738.55 3836.03 2238 2251
4396 1457 7317 925.479 1000.83 1639 1655
4396 1490 9002 958.483 1169.78 1627 1639
4523 1093 54695 4118.69 4362.76 1829 1902
4523 1106 55314 1936.86 1981.27 1706 1713
4523 1129 56484 7907.87 7950.08 1082 1102
4100 613 30665 8932.43 9255.04 241 264
4100 632 31616 3985.74 4044.41 2078 2095
4100 657 32886 7306.62 7354.18 3071 3079
4358 39 1967 871.17 985.376 3154 3181
4535 2009 34960 9074.25 9317.59 1525 1574
4575 2902 14051 747.223 900.161 681 690
4513 2580 63504 7657.12 7711.71 1957 1969
4519 475 23763 8479 8555.68 2533 2550
4519 478 23934 567.91 615.041 2076 2095
4519 491 24581 2825 2877.71 3251 3264
4488 190 9533 2812.29 3014.88 2059 2083
4577 237 11890 2276.98 2347.37 464 479
4526 402 20119 276.74 380.235 1873 1887
4514 758 37901 5841.37 6051.56 1100 1125
4514 795 39800 5848.09 5883.2 3099 3105
4530 307 15374 6597.98 6806.57 2766 2784
4519 12 647 1749.47 1808.3 1949 1974
4519 26 1319 8562.72 8738.61 2082 2093
4549 21 1082 192.632 343.199 635 651
4514 1912 30079 4410.48 4527.17 1258 1323
4514 1917 30331 7433.78 7640.59 1769 1787
4567 362 18112 6798.56 6857.5 497 502
4567 405 20274 4398.22 4450.5 918 932
4392 430 21547 1280.91 1312.36 3200 3210
4501 41 2097 3925.41 4006.1 2116 2149
4357 435 21779 4339.74 4391.54 3077 3084
4497 1156 57825 4376.45 4726.58 719 740
4497 1159 57992 5657.93 5687.21 1637 1667
4497 1164 58214 8313.05 8392.23 1788 1815
4497 1176 58818 8968.85 9076.28 1786 1796
4407 124 6233 4250.35 4372 1709 1719
4407 138 6903 3222.23 3252.22 1464 1470
4408 62 3107 1579.14 1643.29 1977 1998
4516 612 30639 4295.31 4307.25 759 762
4488 747 37352 5969.26 6001.4 625 632
4565 1332 1071 2639.74 2688.47 643 668
4565 1341 1552 3664 3712 1406 1421
4565 1343 1657 3704.79 3839.84 3155 3167
4540 135 6796 6656.74 6696.05 1963 1974
4540 152 7633 546.419 603.348 2105 2127
4514 2170 42972 8384.13 8414.44 632 647
4526 802 40148 4731.6 4829.86 1851 1867
4526 831 41569 3030.85 3334.04 3015 3045
4386 958 47914 6459.16 6702.8 1864 1892
4408 334 16738 7964.91 8034.9 1617 1636
4578 589 29465 5798.63 5921.64 2020 2030
4374 152 7634 6472.13 6615.26 57 74
4455 1 80 6751 6849.29 1215 1237
4455 5 292 1244.45 1306.24 3250 3266
4455 9 481 759.914 845.804 28 47
4455 39 1956 6759.45 6893.05 438 453
4455 44 2210 2404.65 2517.45 3231 3258
4514 88 4434 7698.8 7755.56 3234 3247
4514 107 5383 7356.94 7481.42 1913 1927
4517 1456 7287 1033.91 1154.32 658 666
4517 1601 14536 2062.03 2256.93 2879 2934
4518 406 20333 1046.5 1184.55 3115 3149
4097 65 3261 7065.96 7215.33 1983 2013
4549 123 6180 3790.52 3853.96 665 710
4549 150 7535 4822.35 4921.15 608 629
4549 176 8826 539.415 619.886 3167 3174
4101 144 7235 1275.52 1360.09 566 572
4402 15 793 3298.06 3325.19 1495 1502
4518 443 22167 272.655 406.769 1740 1749
4570 1217 60856 438.364 683.544 2150 2177
4406 491 24562 5864.05 5949.07 2117 2121
4519 1949 31939 2953.82 3120.99 2068 2094
4519 1979 33460 8554.11 8642.11 1245 1255
4485 1547 11815 342.213 430.905 3104 3111
4485 1554 12176 6808.02 6840.97 1303 1305
4408 125 6299 286.128 327.911 525 531
4523 674 33729 1855.57 2121.34 3107 3150
4523 689 34465 2651.43 2923 2481 2525
4570 1280 64040 7956.3 8038.57 2541 2570
4530 1154 57716 5988.9 6460.33 2502 2525
4351 58 2927 1917.48 2145.08 2627 2651
4351 1030 51517 1490.35 1628.08 522 547
4575 343 17180 6610.41 6673.02 2116 2135
4519 1814 25209 7949.7 8033.37 613 631
4519 1850 26988 8116.24 8240.95 3137 3161
4559 1626 15808 3583.04 3654.97 3015 3032
4559 2315 50254 4083.67 4255.5 3188 3210
4559 2074 38182 7393.01 7478.28 726 777
4559 2075 38237 4888.14 4929.32 45 75
4411 1068 53406 4967.5 5051.07 1872 1893
4497 351 17560 1173.83 1212.84 2117 2140
4519 235 11781 1353.1 1423.4 1678 1693
4519 249 12464 7560.62 7663.68 474 487
4519 249 12464 8325.58 8439.15 74 86
4518 1421 5544 7403.12 7595.16 1613 1626
4518 1424 5713 8429.9 8548.82 3137 3152
4550 1469 7936 8376.67 8459.46 2104 2111
4359 74 3713 7984.53 8019.18 107 121
4099 437 21872 3088.33 3120.07 882 900
4099 447 22358 3168.75 3188.41 2787 2794
4380 2915 14717 2870.96 2950.91 2604 2618
4519 904 45239 1006.29 1046.33 576 596
4402 73 3690 414.251 510.41 2580 2598
4402 73 3690 7929.4 7987.24 1672 1679
4533 354 17736 1759.4 1826.83 2123 2130
4484 396 19833 8995.31 9065.49 1608 1634
4484 406 20318 9424.92 9459.64 3174 3194
4559 2196 44310 6309.89 6363.3 2052 2070
4559 2218 45371 8673.2 8731.21 1522 1530
4466 64 3217 9311.26 9557.87 2304 2328
4466 65 3260 4499.72 4536.98 2316 2322
4466 71 3574 3979.68 4107.43 1731 1740
4466 74 3737 4386.82 4421.45 1753 1767
4466 99 4996 5876.73 5901.82 1921 1929
4466 108 5435 8896.82 9094.14 3084 3090
4466 118 5922 4143.05 4181.66 3146 3151
4466 123 6172 1859.57 1884.82 1322 1326
4406 638 31907 3136.53 3230.11 3210 3223
4406 247 12380 7907.4 8012.37 3088 3107
4530 1699 19457 5690.34 5758.97 1982 1997
4388 2306 49806 8247.25 8303 3048 3067
4388 2310 50001 2135.85 2313.06 3302 3327
4353 279 13983 2299.04 2320.32 866 874
4353 314 15727 6974.18 7095.23 2955 2970
4354 700 35004 5396.13 5611.12 1079 1085
4516 2225 45726 5036.35 5082.03 2223 2244
4100 135 6752 8586.98 8715.91 2291 2296
4100 159 7955 394.014 452.511 606 612
4100 174 8743 2715.38 2770.28 2568 2582
4099 70 3504 4293.74 4768.22 655 672
4099 85 4268 5783.85 5997.59 1785 1797
4559 2267 47820 3224.94 3405.86 923 932
4379 128 6449 2201.52 2299.02 1793 1815
4502 1363 2624 8685.89 8785.42 3044 3051
4516 2512 60088 3604.3 3640.92 1063 1086
4551 125 6269 806.756 990.458 1720 1728
4551 144 7228 2267.19 2329.71 1719 1736
4551 166 8304 4832.18 4989.15 121 141
4353 411 20587 6861.96 6931.88 1835 1853
4537 1011 50562 5948.06 6084.56 3425 3439
4362 191 9557 8475.37 8684.72 2027 2049
4362 231 11596 8369.51 8458.02 2037 2044
4367 1229 61474 2794.83 2914.97 2559 2579
4367 1245 62257 5.89477 77.3957 2554 2560
4400 118 5919 2356.77 2383.18 3235 3237
4533 78 3943 8033.03 8105.66 148 157
4533 92 4604 3391.53 3429.55 1718 1727
4559 1856 27300 2671.98 2828.39 260 271
4559 1863 27655 3780.99 3942.98 1922 1937
4357 1031 51556 6605.99 6701.95 1000 1023
4404 2790 8450 2912.4 2951.45 732 735
4404 2793 8621 6205.63 6338.65 717 728
4404 2817 9822 6168.7 6333.55 1465 1475
4570 45 2274 1169.08 1418.15 3173 3185
4502 831 41599 4631.36 4709.91 1873 1882
4502 867 43391 2220.7 2365.38 3309 3337
4519 870 43525 7434.16 7641.53 527 528
4519 871 43580 2.84248 49.3561 2169 2196
4353 549 27497 9037.97 9069.49 3247 3260
4097 270 13534 1848.88 1979.08 1781 1788
4516 1477 8340 8546.89 8680.41 3268 3287
4547 2490 59006 6178.71 6201.89 2187 2191
4351 905 45295 7312.95 7522.11 1091 1130
4409 872 43618 5679.98 5974.19 1560 1602
4408 439 21999 2966.88 3052.95 2134 2150
4354 523 26151 3984.45 4107.88 1880 1887
4354 869 43466 911.92 975.266 1895 1927
4354 872 43620 3923.1 4170.67 1743 1760
4354 883 44163 2952.95 2977.62 2074 2083
4367 1127 56389 8452.52 8519.79 3178 3200
4367 1138 56935 6567.58 6701.71 1002 1021
4575 1162 58120 1671.27 1771.3 651 672
4371 984 49242 8493.48 8526.97 1825 1833
4353 2061 37556 3078.94 3136.19 3125 3130
4356 324 16211 572.982 675.796 735 752
4356 334 16709 6638.77 6802.67 14 83
4523 1381 3521 2292.63 2465.58 1570 1597
4547 2814 9658 1491.07 1603.68 2062 2072
4396 929 46452 7570.17 7631.26 2081 2091
4353 1132 56611 1883.06 1937.32 1225 1231
4353 1134 56704 6535.52 7017.41 1932 1969
4100 695 34783 9261.22 9339.94 1736 1768
4100 704 35238 2166.14 2190.47 2081 2088
4575 1059 52971 2876.28 3215.3 1542 1565
4378 1142 57140 8524 8733.15 2519 2526
4518 1708 19887 724.176 765.519 3258 3266
4508 312 15607 7646.46 7888.41 3315 3341
4354 828 41420 2290.55 2412.76 1799 1804
4502 2121 40549 4530.22 4619.67 1464 1475
4502 2126 40808 3223.16 3275.45 2293 2313
4502 2126 40808 3613.63 3686.29 2480 2496
4539 127 6353 441.227 496.279 2501 2519
4516 1332 1112 4259.57 4344.54 3106 3130
4404 2402 54589 5826.08 5940.96 1796 1802
4396 822 41117 8933.75 8989.73 658 666
4396 835 41767 2.11152 47.113 1517 1528
4396 847 42366 7290.74 7518.99 945 973
4408 34 1725 2232.79 2275.1 1533 1557
4408 44 2203 6702.1 6845.53 1997 2006
4354 593 29666 6125.4 6279.53 3232 3252
4518 1032 51610 4312.09 4589.75 795 811
4518 1083 54182 6421.56 6654.3 479 528
4356 763 38161 5345.45 5474.18 1489 1492
4356 774 38709 9017.79 9141.32 3008 3045
4400 230 11532 5923.63 6004.15 3339 3348
4565 1268 63413 4849.01 5047.46 3262 3267
4565 1317 359 2523.03 2792.31 734 747
4488 12 646 4117.11 4244.03 1250 1270
4488 21 1069 764.772 825.349 1023 1046
4101 290 14524 6506.25 6545.8 3035 3049
4575 885 44276 4703.46 4728.61 118 123
4353 2109 39943 1825.09 1980.18 3020 3028
4353 2125 40737 3345.84 3534.25 2845 2852
4353 1836 26280 2083.09 2278.19 1582 1598
