4487 0 8
4487 2 104
4468 0 22
4468 25 1293
4468 28 1440
4468 30 1529
4468 38 1938
4468 62 3102
4411 1148 57422
4411 1149 57453
4411 1152 57609
4411 1157 57869
4411 1157 57891
4411 1180 59020
4411 1181 59053
4411 1191 59565
4411 1194 59710
4488 630 31508
4488 1055 52762
4488 1068 53407
4488 1079 53970
4532 60 3022
4592 44 2240
4592 54 2722
4500 3000 18940
4402 484 24240
4517 933 46664
4499 1806 24793
4455 369 18489
4455 401 20087
4455 407 20365
4468 128 6432
4468 140 7011
4468 149 7461
4468 150 7550
4468 150 7550
4468 156 7827
4468 157 7883
4468 169 8462
4468 173 8686
4467 10 532
4467 12 646
4467 46 2307
4519 1351 2048
4411 5 285
4411 21 1070
4354 93 4667
4354 93 4667
4404 1661 17526
4404 1666 17771
4382 386 19310
4485 753 37673
4483 5 298
4483 7 399
4483 8 434
4483 11 551
4483 11 551
4483 20 1018
4483 35 1766
4351 291 14560
4351 332 16630
4527 316 15826
4565 2841 10991
4550 1196 59833
4550 1237 61863
4411 398 19916
4411 409 20451
4411 431 21587
4456 213 10695
4456 237 11895
4456 238 11937
4456 250 12527
4456 251 12582
4550 1523 10651
4530 532 26624
4575 1540 11514
4575 1544 11683
4530 72 3647
4530 74 3710
4455 150 7518
4455 178 8925
4455 451 22572
4514 1520 10479
4484 360 18049
4414 2 130
4414 3 180
4414 6 311
4455 494 24736
4455 494 24746
4455 505 25266
4455 508 25443
4455 515 25785
4455 532 26621
4547 2334 51207
4101 303 15172
4101 331 16600
4101 348 17426
4473 13 664
4473 14 721
4473 17 887
4473 29 1464
4473 34 1741
4473 37 1865
4473 40 2006
4473 45 2271
4473 51 2582
4471 10 523
4471 34 1710
4471 38 1933
4471 40 2034
4471 42 2124
4471 51 2554
4456 180 9005
4456 192 9611
4456 266 13324
4456 286 14313
4535 1246 62313
4535 1247 62394
4535 1250 62505
4535 1253 62696
4535 1255 62788
4535 1258 62918
4535 1259 62953
4464 4 210
4464 12 629
4464 13 696
4464 21 1095
4464 22 1107
4464 31 1590
4464 41 2100
4464 50 2512
4464 57 2888
4526 1014 50715
4455 93 4662
4455 95 4773
4455 98 4928
4455 114 5733
4455 129 6490
4455 135 6788
4455 142 7137
4456 361 18053
4456 369 18495
4456 370 18539
4456 386 19319
4456 391 19577
4456 516 25811
4456 539 26990
4466 187 9380
4466 190 9502
4466 193 9699
4466 212 10630
4466 238 11901
4488 1269 63462
4488 1288 64418
4488 1312 102
4443 2 110
4443 11 591
4443 12 614
4443 12 625
4443 15 758
4443 15 791
4443 29 1463
4443 33 1662
4443 50 2534
4464 131 6554
4464 140 7041
4464 161 8091
4464 170 8530
4464 171 8564
4464 174 8720
4404 1611 15064
4535 656 32837
4464 89 4474
4464 112 5638
4464 123 6173
4100 262 13128
4456 306 15350
4456 309 15498
4456 313 15654
4456 314 15742
4456 315 15753
4456 332 16610
4456 337 16879
4456 339 16957
4456 343 17200
4456 345 17276
4456 352 17611
4456 352 17631
4456 547 27356
4483 300 15039
4483 318 15916
4483 327 16393
4483 332 16630
4483 332 16630
4483 347 17397
4369 101 5081
4353 1044 52222
4374 561 28075
4374 592 29649
4357 476 23826
4357 510 25532
4386 1099 54997
4386 1137 56899
4353 1704 19693
4547 2936 15768
4485 1391 4058
4550 771 38591
4550 1095 54773
4356 254 12737
4547 2240 46469
4483 240 12013
4483 278 13923
4483 299 14981
4394 620 31038
4465 14 750
4465 21 1084
4465 22 1149
4465 26 1307
4513 648 32427
4550 1 52
4550 19 952
4550 23 1182
4518 1759 22453
4518 1768 22883
4518 1771 23034
4518 1785 23730
4354 362 18139
4354 397 19854
4577 0 12
4367 1367 2817
4404 2547 61858
4515 14 712
4356 436 21841
4351 715 35776
4351 742 37142
4351 755 37793
4404 2498 59377
4404 2505 59730
4519 2594 64205
4519 2594 64205
4578 830 41534
4575 2042 36585
4577 1082 54127
4577 1121 56064
4577 1159 57966
4575 1196 59830
4575 1197 59892
4535 751 37599
4535 765 38254
4547 2655 1695
4547 2665 2215
4547 2708 4349
4374 527 26375
4409 739 36964
4409 758 37915
4409 763 38153
4357 338 16941
4404 627 31362
4404 635 31782
4353 485 24288
4402 262 13148
4402 276 13814
4531 205 10267
4523 26 1331
4523 59 2954
4502 96 4814
4526 1130 56501
4527 480 24039
4527 509 25485
4570 132 6640
4483 100 5022
4483 112 5632
4483 115 5785
4409 316 15826
4575 2491 59022
4356 205 10294
4356 238 11934
4466 129 6482
4466 132 6605
4466 137 6853
4466 150 7523
4466 152 7635
4466 158 7944
4466 167 8374
4466 167 8385
4466 174 8708
4466 279 13953
4466 288 14408
4497 553 27684
4533 814 40748
4533 816 40802
4533 830 41524
4551 395 19758
4570 393 19676
4530 262 13146
4486 331 16568
4519 1719 20415
4394 2800 8958
4469 396 19847
4469 398 19947
4469 406 20306
4469 407 20373
4469 408 20417
4469 438 21910
4469 455 22777
4469 458 22933
4526 763 38192
4526 775 38777
4100 566 28325
4100 583 29162
4407 188 9422
4408 193 9688
4400 36 1847
4573 342 17104
4575 1970 32970
4575 1989 33926
4497 433 21688
4497 484 24233
4577 913 45651
4577 929 46491
4518 801 40086
4394 1940 31470
4394 2163 42625
4394 2175 43220
4502 449 22483
4575 2223 45623
4529 1050 52513
4502 1519 10425
4502 1526 10786
4483 449 22495
4483 470 23513
4550 481 24083
4550 482 24143
4550 496 24805
4550 531 26552
4517 1493 9124
4517 1518 10378
4570 716 35813
4485 1261 63097
4530 1639 16451
4353 2099 39449
4575 500 25017
4535 1141 57087
4535 1169 58455
4357 316 15850
4100 2 142
4364 365 18290
4353 1300 65050
4353 1324 692
4353 1351 2047
4559 1307 65373
4559 1338 1387
4559 1342 1571
4519 1081 54086
4519 1097 54884
4519 1115 55774
4550 701 35071
4394 110 5523
4519 1904 29672
4519 1911 30042
4353 1477 8352
4353 1503 9660
4353 1513 10161
4485 922 46114
4485 924 46239
4485 929 46474
4485 946 47320
4357 887 44371
4547 2332 51084
4351 825 41268
4455 555 27751
4353 1000 50043
4565 26 1345
4531 175 8787
4514 1257 62887
4516 1550 11968
4516 1562 12607
4536 2883 13124
4536 2896 13773
4513 1109 55490
4578 187 9354
4577 697 34900
4406 139 6998
4535 262 13145
4526 1261 63084
4526 1305 65256
4483 744 37206
4483 751 37566
4483 767 38396
4535 27 1366
4535 50 2501
4394 1148 57408
4488 479 23953
4396 1005 50281
4404 1408 4911
4404 1413 5155
4510 260 13023
4485 1090 54516
4485 1116 55831
4485 1120 56015
4523 1642 16577
4502 1217 60887
4534 175 8780
4513 1314 195
4559 1660 17475
4559 1676 18292
4577 506 25331
4577 507 25381
4469 540 27012
4469 542 27137
4516 2795 8686
4559 2237 46333
4547 2962 17077
4547 2977 17782
4547 2979 17891
4502 1108 55403
4571 15 772
4400 686 34309
4498 43 2197
4486 66 3345
4486 84 4244
4486 107 5383
4530 1236 61832
4530 1237 61892
4516 2411 55064
4488 405 20296
4516 316 15827
4567 335 16792
4530 1338 1410
4530 1342 1591
4575 2438 56409
4579 89 4461
4579 89 4490
4396 217 10894
4577 858 42936
4565 2567 62818
4531 3 170
4531 16 838
4394 1086 54311
4394 1091 54551
4394 1112 55626
4544 31 1565
4404 335 16793
4404 341 17095
4404 356 17813
4551 258 12904
4474 76 3811
4570 636 31814
4483 142 7137
4483 145 7281
4483 159 7995
4533 277 13876
4530 1700 19507
4530 1730 20982
4485 1595 14232
4485 1603 14651
4551 3 173
4485 1489 8920
4402 501 25086
4497 163 8200
4497 216 10841
4514 2418 55397
4510 300 15037
4510 303 15188
4510 309 15456
4510 329 16462
4578 11 553
4578 32 1614
4578 54 2740
4394 1872 28079
4394 1874 28193
4523 105 5254
4523 123 6164
4523 124 6212
4523 125 6258
4353 1548 11868
4351 622 31131
4404 1169 58474
4404 1184 59249
4517 1399 4415
4517 1427 5838
4547 1692 19105
4529 176 8802
4484 36 1818
4519 1987 33833
4519 2030 35975
4559 1399 4416
4513 872 43601
