4487 0 8 5287.3 5364.27 1059 1070
4487 2 104 8252.74 8322.52 3268 3288
4468 0 22 4389.61 4505.36 2019 2039
4468 25 1293 1338.88 1447.39 2236 2253
4468 28 1440 739.857 757.751 910 914
4468 30 1529 6873.74 6923.99 547 565
4468 38 1938 8060.81 8127.66 124 141
4468 62 3102 248.973 344.004 83 104
4411 1148 57422 1989.7 2328.28 676 735
4411 1149 57453 1062.76 1196.49 2061 2070
4411 1152 57609 9140.09 9214.53 1812 1828
4411 1157 57869 5388.61 5489.72 1571 1595
4411 1157 57891 4140.17 4356.19 3066 3082
4411 1180 59020 1784.01 2043.94 2171 2207
4411 1181 59053 8357.04 8663.11 1035 1072
4411 1191 59565 7184.23 7252.16 2649 2658
4411 1194 59710 3065.01 3321.96 1867 1930
4488 630 31508 7684.33 7810.66 3283 3302
4488 1055 52762 5791.58 5815.24 2079 2087
4488 1068 53407 1398.89 1436.95 1892 1926
4488 1079 53970 7041.53 7111.87 2058 2062
4532 60 3022 7323.93 7425.24 116 133
4592 44 2240 2674.81 2768.92 1619 1633
4592 54 2722 8430.08 8534.43 2566 2581
4500 3000 18940 8597.81 8708.5 638 652
4402 484 24240 1798.32 1837.91 2136 2148
4517 933 46664 8725.98 8820.59 2183 2196
4499 1806 24793 6144.39 6346.96 1740 1777
4455 369 18489 3397.87 3484.56 3068 3100
4455 401 20087 7935.21 8063.34 1593 1629
4455 407 20365 5916.53 6047.77 1634 1649
4468 128 6432 7094.85 7229.84 678 703
4468 140 7011 3488.24 3624.64 1760 1774
4468 149 7461 2536.79 2547.42 1819 1822
4468 150 7550 5734.46 5886.75 2079 2092
4468 150 7550 1153 1222.11 2264 2272
4468 156 7827 4.92096 56.5491 1441 1456
4468 157 7883 1461.1 1497.59 1789 1807
4468 169 8462 1863.61 1943.78 605 631
4468 173 8686 9381.4 9477.83 1870 1879
4467 10 532 7198.77 7403.14 2043 2130
4467 12 646 8946.56 9043.48 1687 1703
4467 46 2307 9406.9 9468.27 1727 1765
4519 1351 2048 1019.47 1125.15 3269 3290
4411 5 285 9083.51 9161.09 1460 1474
4411 21 1070 1902.72 2028.57 3319 3328
4354 93 4667 2698.53 2741.93 3283 3298
4354 93 4667 1575.17 1613.91 123 132
4404 1661 17526 9158.13 9267.9 1269 1276
4404 1666 17771 348.552 557.766 1670 1705
4382 386 19310 5554.68 5641.6 1610 1619
4485 753 37673 87.9448 283.723 648 662
4483 5 298 2187.23 2405.36 3016 3052
4483 7 399 2639.55 2674.42 793 803
4483 8 434 6831.43 6867.07 3327 3334
4483 11 551 3529.93 3905.49 2236 2296
4483 11 551 7642.24 7750.67 3295 3303
4483 20 1018 6008.8 6061.18 1866 1888
4483 35 1766 2728.5 2821.25 1593 1604
4351 291 14560 6850.88 6996.05 1618 1637
4351 332 16630 3560.37 3764.27 1531 1577
4527 316 15826 8589.25 8796.27 669 713
4565 2841 10991 8404.04 8451.74 1924 1932
4550 1196 59833 192.584 246.201 3331 3343
4550 1237 61863 5425.28 5471.28 3228 3230
4411 398 19916 2838.11 2925.45 2150 2177
4411 409 20451 3.47094 83.3255 2013 2034
4411 431 21587 1875.55 2076.08 1233 1242
4456 213 10695 791.596 864.487 1683 1708
4456 237 11895 7762.2 7934.62 2090 2112
4456 238 11937 4412.24 4465.62 1974 1992
4456 250 12527 6000.67 6038.19 1844 1847
4456 251 12582 5548.96 5821.03 1740 1805
4550 1523 10651 2356.49 2460.05 3036 3111
4530 532 26624 4127.48 4224.51 3007 3031
4575 1540 11514 7435.46 7552.38 3319 3340
4575 1544 11683 3484.83 3669.41 1864 1880
4530 72 3647 6147.38 6183.76 1222 1233
4530 74 3710 1442.19 1607.74 1810 1828
4455 150 7518 5.1359 173.695 434 447
4455 178 8925 1481.6 1575.81 3157 3184
4455 451 22572 4146.54 4201.17 119 142
4514 1520 10479 8364.52 8442.37 458 472
4484 360 18049 591.266 661.204 1695 1702
4414 2 130 6802.16 7175.3 3301 3364
4414 3 180 3197.29 3343 1832 1839
4414 6 311 3138.71 3224.78 1557 1571
4455 494 24736 213.408 288.849 1905 1922
4455 494 24746 8753.35 8796.97 1995 2026
4455 505 25266 1978.31 2212.52 2941 2968
4455 508 25443 4521.94 4541.06 2819 2823
4455 515 25785 1834.79 1887.48 2568 2581
4455 532 26621 4630.21 4767.06 2124 2134
4547 2334 51207 3220.82 3270.88 1501 1513
4101 303 15172 2695.59 2756.65 1957 1964
4101 331 16600 4659.29 4779.12 1889 1905
4101 348 17426 86.3576 211.016 1857 1863
4473 13 664 5876.83 6345.42 2132 2146
4473 14 721 813.918 854.479 2571 2586
4473 17 887 1440.76 1507.54 1987 2005
4473 29 1464 7687.74 7730.33 1506 1519
4473 34 1741 1757.87 1909.41 2074 2100
4473 37 1865 893.394 1267.8 1528 1566
4473 40 2006 5589.15 5654.81 1734 1749
4473 45 2271 2415.54 2603.47 3235 3240
4473 51 2582 7717.57 7831.66 1941 1967
4471 10 523 5338.24 5416.43 2019 2022
4471 34 1710 4547.04 4664.25 3212 3221
4471 38 1933 3546.96 3667.11 3351 3408
4471 40 2034 8469.42 8539.36 1712 1719
4471 42 2124 4238.46 4389.38 2274 2289
4471 51 2554 3136.11 3199.95 2077 2099
4456 180 9005 374.41 563.691 1488 1514
4456 192 9611 887.529 1116.54 2140 2207
4456 266 13324 7545.32 7721.84 1425 1441
4456 286 14313 3807.41 3814.36 3151 3154
4535 1246 62313 3804.3 3835.38 26 33
4535 1247 62394 3020.84 3082.38 3104 3140
4535 1250 62505 1417.08 1448.31 2974 2997
4535 1253 62696 6569.9 6682.49 1861 1880
4535 1255 62788 1998.24 2033.64 2001 2053
4535 1258 62918 6027.33 6051.47 2171 2174
4535 1259 62953 6600.62 6650.47 2033 2042
4464 4 210 7813.51 7883.03 1954 1969
4464 12 629 7492.8 7777.66 1602 1612
4464 13 696 9021.06 9394.63 626 646
4464 21 1095 1504.69 1737.69 658 670
4464 22 1107 6100.08 6145.44 583 595
4464 31 1590 7382.37 7787.18 456 502
4464 41 2100 584.117 661.969 1560 1585
4464 50 2512 6919.35 6968.93 1686 1700
4464 57 2888 1993.97 2061.74 3029 3041
4526 1014 50715 464.889 595.12 1994 2007
4455 93 4662 6491.2 6602.59 2062 2077
4455 95 4773 1719.81 1942.73 1610 1639
4455 98 4928 7863.85 7982.92 1663 1670
4455 114 5733 4789.97 4816.03 1981 1992
4455 129 6490 645.77 842.695 3134 3142
4455 135 6788 3.81742 332.504 1923 1988
4455 142 7137 3225.98 3261.97 1939 1962
4456 361 18053 388.752 590.566 1022 1024
4456 369 18495 6237.82 6405.45 746 755
4456 370 18539 749.284 975.829 2067 2094
4456 386 19319 4221 4410.81 3052 3060
4456 391 19577 1781.86 1933.34 1053 1093
4456 516 25811 7621.37 7744.69 2962 2975
4456 539 26990 6328.75 6494.65 3149 3173
4466 187 9380 1837.6 1930.38 3221 3231
4466 190 9502 7287.48 7538.96 1934 1939
4466 193 9699 7404.58 7437.2 1911 1925
4466 212 10630 1797.69 1819.92 3287 3299
4466 238 11901 8762.77 8804.31 3039 3052
4488 1269 63462 5614.28 5725.78 2641 2658
4488 1288 64418 8338.87 8461.01 2566 2574
4488 1312 102 5406.21 5444.02 3286 3300
4443 2 110 2075.82 2157.65 3137 3155
4443 11 591 8978.44 9015.71 1706 1712
4443 12 614 4542.16 4677.84 2087 2107
4443 12 625 6381.86 6568.08 12 26
4443 15 758 3.9041 258.468 23 30
4443 15 791 4297.7 4397.73 2063 2126
4443 29 1463 8719.14 8853.45 1010 1018
4443 33 1662 5037.24 5089.87 2982 3000
4443 50 2534 5255.32 5295.6 2582 2591
4464 131 6554 9254.39 9287.08 583 589
4464 140 7041 8869.63 9061.72 2551 2562
4464 161 8091 4840.16 4884.29 2020 2044
4464 170 8530 3561.75 3731.13 904 915
4464 171 8564 8889.23 9034.35 586 618
4464 174 8720 4377.58 4521.84 724 736
4404 1611 15064 7633.52 7724.27 1917 1934
4535 656 32837 879.406 934.447 202 211
4464 89 4474 5931.11 6008.66 1921 1936
4464 112 5638 2572.17 2667.16 3307 3337
4464 123 6173 2348.06 2749.51 3225 3257
4100 262 13128 3596.34 4037.39 1207 1239
4456 306 15350 1016.39 1042.14 3095 3109
4456 309 15498 3772.1 4025.85 3375 3381
4456 313 15654 3763.03 3886.22 2807 2813
4456 314 15742 4218.23 4340.73 3344 3357
4456 315 15753 32.9954 173.824 1957 1977
4456 332 16610 6516.54 6768.96 1477 1537
4456 337 16879 6791.4 6958.25 1487 1505
4456 339 16957 5366.15 5514.3 1621 1645
4456 343 17200 4481.71 4585.66 1642 1669
4456 345 17276 6721.65 6851.83 1013 1021
4456 352 17611 9195.67 9359.71 1600 1623
4456 352 17631 5042.64 5219.65 2167 2194
4456 547 27356 1643.47 1678.38 584 597
4483 300 15039 5209.34 5247.74 3360 3374
4483 318 15916 1116 1202.97 3285 3308
4483 327 16393 8201.54 8268.02 1700 1727
4483 332 16630 4547.78 4680.5 1685 1699
4483 332 16630 3615.55 3745.72 1941 1949
4483 347 17397 6482.32 6597.77 2569 2572
4369 101 5081 2176.32 2289.15 546 553
4353 1044 52222 6370.81 6398.51 2093 2104
4374 561 28075 3129.87 3289.94 1722 1731
4374 592 29649 3355.31 3409.81 1629 1656
4357 476 23826 5644.68 5712.54 2273 2297
4357 510 25532 1476.18 1656.27 1686 1696
4386 1099 54997 37.0567 173.684 2028 2031
4386 1137 56899 8716.92 8795.93 2256 2267
4353 1704 19693 4441 4600.87 755 783
4547 2936 15768 2927.17 2988.12 2879 2894
4485 1391 4058 7483.81 7524.6 3423 3427
4550 771 38591 1913.73 2059.09 1435 1471
4550 1095 54773 1497.64 1577.34 1550 1561
4356 254 12737 3245.46 3447.78 1913 1926
4547 2240 46469 9008.64 9119.48 1596 1606
4483 240 12013 1806.06 1905.31 1586 1603
4483 278 13923 7323.32 7423.12 3106 3122
4483 299 14981 2175.21 2489.58 988 1005
4394 620 31038 334.733 393.853 1553 1564
4465 14 750 4891.8 4977.73 2649 2657
4465 21 1084 5071.19 5158.99 1573 1595
4465 22 1149 4812.36 4936.11 1636 1645
4465 26 1307 2952.47 2978.39 1553 1561
4513 648 32427 9202.18 9347.3 1724 1734
4550 1 52 7803.69 7910.56 1860 1886
4550 19 952 1211.16 1348.15 1602 1631
4550 23 1182 8465.86 8566.88 3239 3256
4518 1759 22453 7411.76 7492 3110 3125
4518 1768 22883 7673.42 7800.21 1481 1502
4518 1771 23034 1046.32 1198.88 1089 1097
4518 1785 23730 5200.29 5365.66 1853 1869
4354 362 18139 8974.08 9110 2068 2077
4354 397 19854 4407.45 4446.98 1929 1945
4577 0 12 1448.51 1497.46 1958 1973
4367 1367 2817 6672.01 6801.33 2040 2046
4404 2547 61858 6468.58 6487.84 3245 3251
4515 14 712 5244.47 5289.52 738 744
4356 436 21841 7818.18 7982.4 1431 1455
4351 715 35776 2454.08 2526.56 1817 1824
4351 742 37142 5271.44 5343.02 3354 3361
4351 755 37793 2052.89 2091.66 3194 3218
4404 2498 59377 5969.95 6020.95 2562 2580
4404 2505 59730 7653.07 7975 1671 1710
4519 2594 64205 803.253 1040.23 2532 2539
4519 2594 64205 196.998 325.983 874 887
4578 830 41534 6674.52 6808.77 2840 2855
4575 2042 36585 4644.98 4661.94 3164 3171
4577 1082 54127 6168 6377.17 1911 1929
4577 1121 56064 5363.73 5460.34 3336 3351
4577 1159 57966 5751.6 5895.67 630 652
4575 1196 59830 253.327 301.964 105 117
4575 1197 59892 5379.48 5483.48 2043 2051
4535 751 37599 1395.72 1562.15 3155 3169
4535 765 38254 7756.91 7796.27 3047 3054
4547 2655 1695 2332.65 2383.31 48 78
4547 2665 2215 7335 7418.73 2140 2148
4547 2708 4349 4009.8 4070.22 1678 1684
4374 527 26375 3519.05 3695.05 2053 2064
4409 739 36964 713.855 734.289 2975 3015
4409 758 37915 8666.89 8742.45 1949 1957
4409 763 38153 701.373 729.54 3317 3328
4357 338 16941 5201.16 5284.79 1542 1563
4404 627 31362 4201.3 4315.9 3311 3327
4404 635 31782 4015.32 4089.2 2012 2026
4353 485 24288 5129.76 5229.29 2048 2060
4402 262 13148 1659.82 1815.33 2020 2026
4402 276 13814 6885.27 6929.51 2582 2608
4531 205 10267 7475.17 7563.32 1516 1524
4523 26 1331 5014.35 5069.24 1819 1830
4523 59 2954 558.97 646.692 3238 3269
4502 96 4814 8836.33 8943.92 3066 3088
4526 1130 56501 5565.39 5720.87 1487 1505
4527 480 24039 3042.19 3123.59 2001 2018
4527 509 25485 5213.28 5599.17 2079 2093
4570 132 6640 8195.39 8316.64 1482 1510
4483 100 5022 4771.02 4865.67 1638 1652
4483 112 5632 6083.67 6357.22 2558 2631
4483 115 5785 3285.11 3420.59 672 698
4409 316 15826 3766.57 3811.89 3146 3166
4575 2491 59022 7457.48 7592.77 757 785
4356 205 10294 4346.4 4431.01 1429 1448
4356 238 11934 7102.98 7156.03 1975 2002
4466 129 6482 7318.95 7341.86 3439 3444
4466 132 6605 765.816 932.71 1863 1876
4466 137 6853 4.64806 352.758 1395 1418
4466 150 7523 3981.03 4039.78 3050 3065
4466 152 7635 7583.68 7623.02 1026 1052
4466 158 7944 1950.69 2010.44 2093 2114
4466 167 8374 287.936 325.121 1933 1955
4466 167 8385 2136 2192.04 1557 1564
4466 174 8708 1123.5 1244.51 1550 1561
4466 279 13953 7633.63 7752.53 2281 2290
4466 288 14408 4945.77 5121.14 1932 1947
4497 553 27684 9358.39 9425.49 3068 3074
4533 814 40748 3091.02 3342.2 1498 1523
4533 816 40802 4236.32 4377.25 1918 1945
4533 830 41524 9059.44 9117.76 1937 1944
4551 395 19758 5512.8 5577.28 1989 2005
4570 393 19676 606.407 665.313 1686 1696
4530 262 13146 2032.39 2259.69 498 538
4486 331 16568 3749.03 3814.66 3150 3159
4519 1719 20415 2719.56 2893.8 1719 1742
4394 2800 8958 8775.82 8852.67 907 923
4469 396 19847 790.54 917.653 1908 1919
4469 398 19947 4946.18 5079.78 3140 3147
4469 406 20306 1008.88 1336.3 1720 1740
4469 407 20373 1752.21 1786.75 1512 1518
4469 408 20417 4565.81 4728.9 1595 1601
4469 438 21910 7057.92 7098.59 2161 2168
4469 455 22777 5249.75 5333.06 3051 3073
4469 458 22933 5118.38 5452.08 2850 2882
4526 763 38192 8565.09 8659.69 763 773
4526 775 38777 4262.54 4305.21 646 673
4100 566 28325 3.66274 61.8986 1632 1637
4100 583 29162 2999.8 3385.07 2538 2573
4407 188 9422 3256.09 3523.53 109 125
4408 193 9688 8391.72 8475.83 617 646
4400 36 1847 917.2 1030.38 2792 2796
4573 342 17104 7063.69 7237.23 1915 1934
4575 1970 32970 250.938 359.1 1487 1505
4575 1989 33926 348.37 639.242 2950 2978
4497 433 21688 6670.91 6931.38 1182 1195
4497 484 24233 7226 7416.78 1927 1940
4577 913 45651 1615.14 1741.3 490 504
4577 929 46491 4988.43 5045.03 710 724
4518 801 40086 7802.94 7963.6 2067 2078
4394 1940 31470 1478.07 1582.33 575 616
4394 2163 42625 7386.14 7514.71 58 69
4394 2175 43220 9283.79 9345.74 571 583
4502 449 22483 8672.63 8948.68 2179 2211
4575 2223 45623 5997.87 6263.4 3034 3045
4529 1050 52513 4934.43 4989.41 1594 1614
4502 1519 10425 4013.68 4121.63 3081 3108
4502 1526 10786 5374.89 5475.74 452 466
4483 449 22495 451.713 623.251 747 757
4483 470 23513 7704.51 7770.6 3172 3178
4550 481 24083 7597.01 7634.75 152 159
4550 482 24143 2346.37 2553.04 1437 1443
4550 496 24805 6255.19 6358.81 464 470
4550 531 26552 6280.05 6357.29 1941 1947
4517 1493 9124 4055.61 4122.4 1540 1560
4517 1518 10378 4649.08 5000.49 1413 1431
4570 716 35813 5619.67 5879.85 3157 3176
4485 1261 63097 4535.88 4749.63 1605 1626
4530 1639 16451 4066.72 4167.98 3347 3354
4353 2099 39449 7685.05 7728.2 2630 2643
4575 500 25017 7518.57 7629.84 2524 2537
4535 1141 57087 3328.12 3370.86 1224 1255
4535 1169 58455 3385.76 3463.08 2568 2572
4357 316 15850 5085.01 5146.98 2634 2639
4100 2 142 7807.27 7877.02 1991 1998
4364 365 18290 2648.94 2739.11 1819 1835
4353 1300 65050 4860.11 4966.34 634 645
4353 1324 692 4038.52 4114.56 2063 2077
4353 1351 2047 3939.2 4136.8 2004 2057
4559 1307 65373 1654.59 1767.24 1834 1849
4559 1338 1387 3004.05 3222.37 3224 3233
4559 1342 1571 5170.67 5414.58 1798 1857
4519 1081 54086 8767.01 8964.7 3003 3013
4519 1097 54884 4165.23 4361.33 2975 3000
4519 1115 55774 7215.42 7264.25 1778 1787
4550 701 35071 8959.16 9024.91 2931 2937
4394 110 5523 4928.2 4948.03 1326 1327
4519 1904 29672 2723.1 2827.48 3294 3312
4519 1911 30042 9455.47 9521.44 2154 2199
4353 1477 8352 3431.54 3508.27 2060 2077
4353 1503 9660 757.289 841.615 3152 3185
4353 1513 10161 5861.29 5936.57 1912 1927
4485 922 46114 2175.96 2328.02 2536 2560
4485 924 46239 1603.56 1691.26 3062 3084
4485 929 46474 7891.13 7954.36 2081 2099
4485 946 47320 9225.27 9261.87 1445 1461
4357 887 44371 3818.42 3939.32 1189 1213
4547 2332 51084 5548.9 5716.07 3275 3304
4351 825 41268 4315.5 4523.99 2878 2890
4455 555 27751 4115.53 4229.34 1031 1047
4353 1000 50043 6977.57 7022.68 688 710
4565 26 1345 5052.84 5118.76 1927 1931
4531 175 8787 789.297 857.743 3118 3129
4514 1257 62887 3560.7 3671.78 2065 2092
4516 1550 11968 6263.35 6333.35 33 43
4516 1562 12607 2697.29 2811.09 1671 1738
4536 2883 13124 3844.44 3938.86 673 696
4536 2896 13773 3969 4042.2 2862 2889
4513 1109 55490 6426.43 6491.19 2099 2133
4578 187 9354 2595.14 2649.97 2077 2099
4577 697 34900 9370.69 9586.95 2277 2285
4406 139 6998 6052.27 6137.23 1534 1553
4535 262 13145 7424.04 7478.28 1868 1875
4526 1261 63084 9086 9178.38 2235 2247
4526 1305 65256 5606.63 5656.8 700 705
4483 744 37206 3526.5 3578.9 1678 1686
4483 751 37566 698.955 792.903 432 438
4483 767 38396 2700.73 2826.55 1004 1018
4535 27 1366 2643.66 2733.77 589 606
4535 50 2501 4869.45 4924.36 1946 1956
4394 1148 57408 4966.13 5010.02 1678 1684
4488 479 23953 3137.45 3175.47 1674 1685
4396 1005 50281 236.628 269.951 2298 2301
4404 1408 4911 7261.81 7330.19 1549 1566
4404 1413 5155 7009.97 7086.48 1742 1751
4510 260 13023 8076.61 8114.18 2174 2190
4485 1090 54516 3010.2 3083.48 100 120
4485 1116 55831 6669.28 6710.85 1439 1460
4485 1120 56015 2004.49 2221.03 548 618
4523 1642 16577 1154.25 1211.19 1604 1614
4502 1217 60887 3110.63 3169.74 3026 3041
4534 175 8780 2726.69 2763.35 1660 1674
4513 1314 195 151.826 213.961 1982 2001
4559 1660 17475 5471.83 5551.52 685 695
4559 1676 18292 5546.76 5596.59 3234 3238
4577 506 25331 43.5819 150.588 2247 2258
4577 507 25381 8411.77 8506.11 1897 1917
4469 540 27012 8046.13 8199.44 1695 1710
4469 542 27137 7723.28 7777.22 2779 2799
4516 2795 8686 8598.5 8675.77 1808 1825
4559 2237 46333 4880.91 4938.5 551 569
4547 2962 17077 5434.86 5499.6 2974 2986
4547 2977 17782 2246.54 2301.84 705 732
4547 2979 17891 3110.28 3161.22 2148 2160
4502 1108 55403 4972.99 5167.45 1711 1745
4571 15 772 8089.61 8223.4 1944 1964
4400 686 34309 3372 3507.41 858 886
4498 43 2197 3313.91 3343.9 1086 1092
4486 66 3345 7510.44 7607.95 3363 3436
4486 84 4244 6733.13 6895.79 2168 2194
4486 107 5383 4022.13 4090.68 1742 1769
4530 1236 61832 7575.72 7673.05 760 777
4530 1237 61892 2936.51 3205.12 0 51
4516 2411 55064 6034.73 6383.68 3129 3170
4488 405 20296 3472.16 3529.05 697 706
4516 316 15827 8187.63 8367.78 3314 3324
4567 335 16792 6796.41 6917.02 1937 1947
4530 1338 1410 1348.06 1508.66 2546 2561
4530 1342 1591 2071.27 2135.64 2124 2142
4575 2438 56409 2224.36 2295.72 2183 2209
4579 89 4461 1042.61 1086.68 1043 1057
4579 89 4490 1.5958 143.107 694 716
4396 217 10894 3019.6 3212.3 679 711
4577 858 42936 4747.11 4883.44 1281 1297
4565 2567 62818 7732.99 7834.46 1985 1998
4531 3 170 1742.16 1791.45 2257 2264
4531 16 838 8820.45 9205.38 3212 3241
4394 1086 54311 7584.14 7792.5 1557 1633
4394 1091 54551 2525.23 2552.33 1971 1976
4394 1112 55626 8094.53 8338.2 2536 2548
4544 31 1565 2.5534 76.9684 679 687
4404 335 16793 917.781 952.415 1773 1788
4404 341 17095 3514.71 3640.53 2041 2065
4404 356 17813 8696.04 8819.13 649 668
4551 258 12904 8440.28 8554.49 3302 3307
4474 76 3811 1173.78 1239.23 2527 2548
4570 636 31814 8719.93 8781.96 3058 3067
4483 142 7137 2078.75 2179.59 1615 1638
4483 145 7281 8962.95 9075.72 3010 3027
4483 159 7995 5264.85 5354.19 1050 1079
4533 277 13876 261.106 384.526 1519 1525
4530 1700 19507 7084.99 7186.32 2025 2042
4530 1730 20982 7736.98 7816.14 2164 2177
4485 1595 14232 7598.3 7673.64 645 667
4485 1603 14651 1949.95 2215.06 739 759
4551 3 173 6049.5 6145.86 620 642
4485 1489 8920 7536.06 7604.98 777 804
4402 501 25086 5714.59 5775.62 1782 1812
4497 163 8200 7355.44 7578.77 2614 2656
4497 216 10841 4014.51 4111.76 1489 1511
4514 2418 55397 5400.5 5490.92 2480 2494
4510 300 15037 5146.71 5321.14 3129 3155
4510 303 15188 3563.66 3594.04 2938 2943
4510 309 15456 7520.59 7696.87 1686 1709
4510 329 16462 3000.55 3083.76 3343 3357
4578 11 553 6321.9 6449.73 1680 1688
4578 32 1614 6448.46 6529.49 2820 2835
4578 54 2740 7507.02 7620.18 748 771
4394 1872 28079 7547.17 7766.12 3021 3030
4394 1874 28193 1234.72 1260.57 73 76
4523 105 5254 5943.28 6388.31 2537 2553
4523 123 6164 1246.31 1280.33 95 102
4523 124 6212 1797.68 1982.27 2937 2956
4523 125 6258 5717.86 5819.93 1588 1598
4353 1548 11868 3390.67 3460.77 3023 3048
4351 622 31131 8883.49 9103.9 1477 1484
4404 1169 58474 2238.76 2519.07 1967 1982
4404 1184 59249 723.813 821.638 1613 1649
4517 1399 4415 861.02 928.466 2061 2079
4517 1427 5838 7482.93 7574.34 2988 3016
4547 1692 19105 7963.97 7999.5 1201 1216
4529 176 8802 4301 4415.75 2582 2615
4484 36 1818 4.08556 33.0543 1227 1236
4519 1987 33833 3404.06 3462.73 3248 3265
4519 2030 35975 6119 6198.68 3270 3290
4559 1399 4416 2137.8 2191.38 1772 1783
4513 872 43601 6538.53 6935.65 1844 1880
