4404 840 42014
4404 840 42014
4404 848 42437
4404 864 43222
4404 874 43707
4533 138 6932
4559 1120 56031
4559 1159 57975
4514 1760 22488
4514 1766 22808
4488 100 5008
4398 196 9813
4565 1068 53408
4550 452 22639
4569 521 26074
4578 519 25972
4578 681 34092
4559 1931 31034
4575 2279 48440
4403 60 3027
4403 98 4915
4563 787 39355
4563 800 40043
4563 805 40260
4354 448 22427
4407 45 2262
4400 309 15482
4523 1150 57518
4523 1180 59037
4523 1184 59240
4404 2040 36467
4550 1141 57078
4516 237 11863
4516 298 14949
4537 743 37168
4508 58 2932
4485 337 16882
4485 342 17130
4530 2189 43921
4508 63 3198
4508 85 4300
4394 1595 14222
4394 1598 14382
4533 729 36500
4497 818 40901
4575 658 32930
4404 20 1037
4513 941 47086
4559 2499 59419
4559 2548 61909
4376 132 6631
4366 262 13150
4366 302 15123
4354 57 2863
4527 266 13324
4519 645 32278
4519 666 33342
4519 696 34808
4575 258 12925
4537 915 45754
4570 1087 54370
4570 1127 56392
4526 1373 3115
4575 2739 5906
4575 2780 7978
4575 2783 8103
4516 2140 41474
4516 2147 41830
4411 172 8649
4406 361 18054
4406 369 18472
4406 398 19904
4575 937 46864
4101 7 375
4101 26 1323
4364 114 5721
4353 1103 55158
4396 1425 5749
4376 85 4274
4376 90 4526
4376 92 4628
4376 98 4939
4497 775 38777
4385 72 3628
4385 118 5938
4513 590 29516
4362 174 8709
4547 2357 52338
4567 111 5572
4394 570 28515
4394 600 30021
4394 601 30081
4365 100 5009
4365 103 5194
4516 361 18081
4518 1627 15832
4502 301 15096
4565 683 34190
4533 560 28031
4533 593 29672
4594 374 18714
4594 389 19481
4468 183 9173
4468 188 9426
4468 188 9437
4468 191 9588
4468 192 9609
4468 221 11091
4468 222 11135
4468 244 12244
4616 2054 37169
4404 668 33405
4404 681 34068
4404 712 35638
4404 1518 10369
4575 2851 11520
4396 1289 64486
4559 2473 58164
4559 2496 59294
4530 1955 32230
4530 1973 33125
4530 1983 33644
4411 882 44102
4411 70 3544
4411 72 3603
4411 90 4507
4486 522 26109
4488 804 40238
4531 70 3543
4531 70 3543
4533 386 19345
4565 370 18532
4514 2501 59537
4485 490 24506
4404 737 36896
4404 752 37620
4549 260 13039
4518 1024 51235
4523 775 38754
4523 779 38967
4577 444 22242
4577 468 23434
4513 669 33497
4513 669 33497
4513 712 35616
4498 424 21220
4514 721 36059
4514 722 36123
4514 726 36310
4514 726 36310
4514 745 37253
4547 2096 39299
4485 777 38863
4485 815 40786
4485 820 41023
4526 315 15800
4526 339 16991
4486 240 12040
4351 97 4871
4351 99 4994
4513 1256 62820
4575 2431 56055
4099 462 23131
4099 504 25232
4404 2822 10060
4404 2834 10664
4353 665 33295
4353 693 34700
4539 186 9321
4539 186 9321
4383 18 933
4411 784 39211
4357 207 10368
4357 217 10868
4404 1464 7665
4404 1480 8502
4404 1493 9162
4404 1496 9287
4354 811 40553
4351 710 35534
4519 1065 53267
4519 1068 53415
4519 1072 53631
4502 739 36995
4353 1427 5840
4514 2304 49714
4514 130 6550
4378 1101 55076
4378 1106 55304
4378 1131 56552
4396 1446 6773
4578 761 38093
4578 779 38988
4353 1289 64459
4547 2530 61013
4547 2554 62206
4547 1911 30029
4547 1916 30275
4529 446 22316
4529 450 22506
4541 2909 14398
4541 2933 15592
4513 1669 17916
4396 515 25765
4394 1222 61101
4404 197 9857
4513 2167 42819
4404 374 18715
4404 405 20275
4404 419 20998
4408 575 28799
4408 594 29708
4519 1011 50552
4570 248 12437
4565 586 29337
4411 258 12916
4411 266 13337
4411 277 13872
4388 2224 45692
4388 2258 47403
4516 1839 26446
4516 1863 27638
4575 2858 11872
4498 232 11643
4498 257 12852
4523 862 43146
4394 264 13233
4519 2141 41538
4456 395 19760
4456 409 20471
4456 413 20659
4456 414 20745
4456 415 20789
4456 416 20801
4456 451 22599
4544 69 3470
4362 9 476
4362 40 2042
4498 277 13871
4498 278 13933
4498 289 14465
4099 274 13723
4099 289 14496
4363 189 9474
4502 1235 61790
4530 658 32911
4530 664 33201
4356 483 24186
4513 1879 28461
4400 465 23273
4488 666 33312
4535 971 48583
4535 977 48885
4535 978 48941
4535 1003 50194
4394 201 10088
4523 1315 229
4411 363 18155
4550 171 8600
4514 2282 48586
4565 2340 51468
4394 1892 29091
4563 843 42157
4374 717 35880
4377 2780 7967
4497 317 15865
4497 332 16605
4514 2454 57174
4578 86 4323
4510 112 5627
4502 309 15456
4502 327 16362
4502 344 17248
4101 62 3129
4101 64 3225
4101 82 4126
4101 88 4440
4518 553 27693
4518 600 30042
4516 2050 36983
4516 2062 37578
4516 2080 38514
4516 2085 38760
4516 2086 38808
4516 2107 39823
4386 1162 58129
4518 230 11548
4523 938 46943
4523 945 47251
4530 2020 35468
4530 2056 37305
4530 2056 37305
4497 993 49686
4570 414 20746
4516 2836 10758
4516 205 10280
4381 2949 16404
4396 553 27668
4392 368 18409
4392 393 19688
4410 1 94
4410 5 275
4410 53 2656
4396 1029 51485
4396 1077 53861
4550 324 16205
4550 333 16691
4550 333 16691
4550 356 17832
4559 1715 20251
4559 1769 22921
4502 364 18209
4502 2161 42555
4502 2184 43710
4485 1201 60083
4485 1210 60504
4570 1331 1044
4570 1382 3576
4559 1487 8815
4382 217 10870
4382 230 11517
4404 2749 6410
4516 1226 61329
4516 1257 62878
4514 673 33697
4535 949 47451
4486 152 7620
4517 532 26648
4517 539 26995
4455 191 9568
4455 194 9725
4455 215 10775
4455 217 10866
4455 233 11652
4455 234 11720
4485 381 19097
4527 519 25954
4527 521 26064
4570 1183 59182
4563 761 38099
4519 778 38936
4519 812 40606
4409 528 26416
4575 1839 26422
4101 167 8387
4455 244 12210
4455 257 12853
4455 257 12886
4455 257 12898
4455 259 12975
4455 263 13195
4455 264 13250
4455 268 13439
4455 275 13754
4455 289 14471
4455 293 14694
4455 298 14904
4396 472 23611
4409 576 28829
4409 597 29896
4404 2423 55654
4404 2439 56424
4508 197 9859
4517 825 41284
4374 116 5843
4518 691 34565
4466 363 18160
4466 369 18459
4466 370 18515
4466 374 18728
4466 380 19021
4466 389 19492
4466 393 19681
4466 396 19836
4466 541 27082
4509 9 468
4509 28 1420
4509 32 1644
4509 57 2860
4513 1852 27077
4513 1854 27208
4569 815 40761
4523 983 49181
4523 994 49721
4559 2681 2986
4559 2686 3274
4578 428 21429
4578 432 21616
4578 465 23255
4565 2787 8287
4547 1963 32626
4547 1990 33984
4565 120 6036
4565 150 7508
4565 171 8569
4488 999 49995
4514 858 42939
4523 1256 62845
4539 80 4003
4539 115 5771
4353 853 42693
4526 1071 53573
4526 1078 53926
4550 791 39588
4550 795 39794
4411 724 36226
4411 748 37424
4400 375 18779
4400 415 20752
4529 735 36767
4526 200 10045
4508 257 12855
4508 262 13126
4508 270 13545
4508 301 15070
4394 689 34462
4394 702 35126
4502 1740 21506
4519 45 2261
4519 90 4525
4519 721 36063
4547 2152 42080
4354 682 34125
4404 1845 26752
4404 1859 27418
4485 142 7136
4485 159 7967
4353 1732 21106
4353 1733 21152
4353 1755 22238
4516 556 27826
4516 557 27897
4517 1290 64540
4565 1081 54053
4565 1084 54241
4559 2123 40660
4559 2134 41185
4486 467 23361
4486 474 23722
4100 732 36640
4100 761 38087
4100 765 38263
4377 2836 10729
4377 2877 12794
4356 405 20300
4356 419 20999
4516 1189 59455
4404 2341 51522
4516 660 33001
4516 665 33294
4516 686 34301
4516 690 34550
4531 350 17524
4513 1679 18456
4513 1735 21230
4513 2311 50023
4559 1453 7163
4559 1465 7752
4527 54 2738
4565 2753 6619
4411 650 32518
4514 2354 52205
4514 2533 61161
4514 2536 61310
4498 122 6105
4498 150 7548
4498 158 7907
4517 120 6043
4517 145 7282
4578 384 19235
4575 1729 20916
4575 1746 21811
4483 572 28639
4529 981 49053
4371 1072 53627
4379 79 3967
4443 24 1212
4351 526 26341
4502 2086 38778
4517 749 37498
4404 2240 46492
4404 2261 47560
4523 1043 52177
4523 1066 53335
4523 1070 53545
4519 2458 57413
4519 2491 59048
4394 2825 10217
4535 521 26069
4527 76 3833
4542 2923 15127
4569 713 35653
4529 35 1790
4518 892 44610
4518 900 45036
4523 523 26189
4400 739 36953
4369 131 6582
4353 793 39683
4353 809 40453
4575 2127 40845
4354 186 9349
4354 187 9395
4354 239 11965
4351 142 7140
4502 139 6961
4502 148 7438
4530 827 41358
4519 2388 53875
4519 2416 55310
4100 863 43191
4367 1422 5613
4367 1424 5673
4529 400 20025
4533 207 10378
4533 208 10439
4526 420 21006
4526 441 22095
4526 466 23345
4575 2673 2594
4519 1582 13604
4519 1593 14124
4519 1614 15169
4529 885 44278
4391 1199 59970
4394 782 39149
4570 91 4553
4514 1471 8055
4514 1605 14748
4514 1619 15462
4466 513 25660
4466 520 26022
4466 525 26265
4411 575 28772
4559 1993 34164
4559 1996 34290
4483 501 25081
4516 2413 55116
4516 2461 57545
4550 247 12378
4353 717 35872
4353 739 36959
4523 1582 13590
4516 1426 5793
4516 1451 7045
4516 1454 7208
4402 145 7296
4516 999 49976
4565 2711 4493
4357 637 31869
4362 93 4685
4362 118 5948
4572 251 12596
4394 1079 53952
4404 263 13195
4404 276 13801
4575 2700 3966
4353 154 7731
4518 299 14968
4371 916 45821
4357 97 4892
4357 118 5932
4356 124 6207
4356 125 6265
4497 1029 51491
4497 1066 53304
4530 769 38473
4530 773 38700
4530 782 39115
4592 102 5139
4592 112 5620
4519 1624 15694
4519 2622 32
4529 86 4313
4575 776 38832
4575 813 40674
4547 2710 4474
4483 525 26275
4565 849 42479
4565 886 44314
4517 1329 949
4517 1334 1204
4551 295 14788
4551 300 15022
4551 306 15314
4551 331 16571
4400 593 29674
4519 2275 48248
4376 2 126
4376 62 3117
4404 443 22183
4404 462 23149
4550 209 10465
4406 84 4250
4534 31 1596
4356 823 41171
4488 974 48706
4488 975 48793
4407 65 3292
4407 76 3823
4488 484 24249
4540 52 2650
4518 1291 64582
4513 2248 46892
4100 394 19734
4455 306 15325
4455 309 15459
4455 312 15623
4455 339 16962
4455 347 17398
4530 1291 64590
4530 1298 64946
4530 1311 52
4484 328 16448
4516 2622 53
4456 63 3187
4456 67 3367
4456 75 3777
4456 91 4573
4518 1335 1256
4518 1357 2357
4518 1369 2944
4488 1207 60383
4488 1226 61337
4488 1240 62024
4488 1244 62205
4488 1249 62476
4488 1250 62511
4488 1255 62765
4488 1258 62918
4351 367 18374
4351 370 18537
4559 2715 4695
4526 284 14223
4409 654 32724
4394 2739 5916
4502 1812 25098
4518 1787 23843
4513 2291 49023
4513 2425 55761
4513 2446 56766
4523 365 18266
4523 390 19517
4571 129 6473
4571 146 7306
4577 826 41336
4565 495 24795
4565 502 25148
4532 87 4377
4394 2221 45550
4394 2233 46139
4100 503 25158
4455 79 3969
4529 927 46392
4351 178 8923
4351 182 9128
4351 191 9575
4406 332 16617
4406 347 17397
4406 358 17929
4517 197 9891
4516 2660 1937
4559 2780 7951
4575 1342 1580
4519 1514 10200
4519 1530 10978
4570 557 27874
4497 394 19726
4497 420 21049
4550 898 44912
4565 99 4965
4456 15 771
4456 26 1329
4456 27 1373
4456 33 1660
4456 43 2159
4456 44 2215
4456 56 2823
4565 2475 58261
4565 2513 60148
4550 971 48597
4550 978 48947
4559 1253 62686
4516 904 45206
4516 912 45620
4523 440 22006
4523 472 23623
4483 831 41556
4575 93 4698
4517 619 31000
4498 67 3351
4396 414 20739
4549 83 4174
4526 652 32601
4526 684 34232
4526 696 34811
4370 811 40578
4370 835 41760
4391 1238 61941
4364 401 20081
4364 413 20672
4364 417 20857
4364 437 21868
4364 438 21929
4394 406 20342
4394 412 20642
4394 424 21236
4394 433 21655
4517 1569 12959
4396 1453 7133
4396 1457 7317
4396 1490 9002
4523 1093 54695
4523 1106 55314
4523 1129 56484
4100 613 30665
4100 632 31616
4100 657 32886
4358 39 1967
4535 2009 34960
4575 2902 14051
4513 2580 63504
4519 475 23763
4519 478 23934
4519 491 24581
4488 190 9533
4577 237 11890
4526 402 20119
4514 758 37901
4514 795 39800
4530 307 15374
4519 12 647
4519 26 1319
4549 21 1082
4514 1912 30079
4514 1917 30331
4567 362 18112
4567 405 20274
4392 430 21547
4501 41 2097
4357 435 21779
4497 1156 57825
4497 1159 57992
4497 1164 58214
4497 1176 58818
4407 124 6233
4407 138 6903
4408 62 3107
4516 612 30639
4488 747 37352
4565 1332 1071
4565 1341 1552
4565 1343 1657
4540 135 6796
4540 152 7633
4514 2170 42972
4526 802 40148
4526 831 41569
4386 958 47914
4408 334 16738
4578 589 29465
4374 152 7634
4455 1 80
4455 5 292
4455 9 481
4455 39 1956
4455 44 2210
4514 88 4434
4514 107 5383
4517 1456 7287
4517 1601 14536
4518 406 20333
4097 65 3261
4549 123 6180
4549 150 7535
4549 176 8826
4101 144 7235
4402 15 793
4518 443 22167
4570 1217 60856
4406 491 24562
4519 1949 31939
4519 1979 33460
4485 1547 11815
4485 1554 12176
4408 125 6299
4523 674 33729
4523 689 34465
4570 1280 64040
4530 1154 57716
4351 58 2927
4351 1030 51517
4575 343 17180
4519 1814 25209
4519 1850 26988
4559 1626 15808
4559 2315 50254
4559 2074 38182
4559 2075 38237
4411 1068 53406
4497 351 17560
4519 235 11781
4519 249 12464
4519 249 12464
4518 1421 5544
4518 1424 5713
4550 1469 7936
4359 74 3713
4099 437 21872
4099 447 22358
4380 2915 14717
4519 904 45239
4402 73 3690
4402 73 3690
4533 354 17736
4484 396 19833
4484 406 20318
4559 2196 44310
4559 2218 45371
4466 64 3217
4466 65 3260
4466 71 3574
4466 74 3737
4466 99 4996
4466 108 5435
4466 118 5922
4466 123 6172
4406 638 31907
4406 247 12380
4530 1699 19457
4388 2306 49806
4388 2310 50001
4353 279 13983
4353 314 15727
4354 700 35004
4516 2225 45726
4100 135 6752
4100 159 7955
4100 174 8743
4099 70 3504
4099 85 4268
4559 2267 47820
4379 128 6449
4502 1363 2624
4516 2512 60088
4551 125 6269
4551 144 7228
4551 166 8304
4353 411 20587
4537 1011 50562
4362 191 9557
4362 231 11596
4367 1229 61474
4367 1245 62257
4400 118 5919
4533 78 3943
4533 92 4604
4559 1856 27300
4559 1863 27655
4357 1031 51556
4404 2790 8450
4404 2793 8621
4404 2817 9822
4570 45 2274
4502 831 41599
4502 867 43391
4519 870 43525
4519 871 43580
4353 549 27497
4097 270 13534
4516 1477 8340
4547 2490 59006
4351 905 45295
4409 872 43618
4408 439 21999
4354 523 26151
4354 869 43466
4354 872 43620
4354 883 44163
4367 1127 56389
4367 1138 56935
4575 1162 58120
4371 984 49242
4353 2061 37556
4356 324 16211
4356 334 16709
4523 1381 3521
4547 2814 9658
4396 929 46452
4353 1132 56611
4353 1134 56704
4100 695 34783
4100 704 35238
4575 1059 52971
4378 1142 57140
4518 1708 19887
4508 312 15607
4354 828 41420
4502 2121 40549
4502 2126 40808
4502 2126 40808
4539 127 6353
4516 1332 1112
4404 2402 54589
4396 822 41117
4396 835 41767
4396 847 42366
4408 34 1725
4408 44 2203
4354 593 29666
4518 1032 51610
4518 1083 54182
4356 763 38161
4356 774 38709
4400 230 11532
4565 1268 63413
4565 1317 359
4488 12 646
4488 21 1069
4101 290 14524
4575 885 44276
4353 2109 39943
4353 2125 40737
4353 1836 26280
